-258.50	3100.80	3100.73
-258.25	3100.85	3100.78
-258.00	3100.89	3100.81
-257.75	3100.90	3100.83
-257.50	3100.90	3100.86
-257.25	3100.92	3100.87
-257.00	3100.94	3100.89
-256.75	3100.95	3100.90
-256.50	3100.97	3100.92
-256.25	3100.98	3100.93
-256.00	3100.98	3100.95
-255.75	3100.99	3100.96
-255.50	3101.02	3100.96
-255.25	3101.04	3100.98
-255.00	3101.05	3101.00
-254.75	3101.05	3101.01
-254.50	3101.07	3101.02
-254.25	3101.08	3101.04
-254.00	3101.09	3101.05
-253.75	3101.09	3101.06
-253.50	3101.11	3101.08
-253.25	3101.11	3101.09
-253.00	3101.12	3101.10
-252.75	3101.12	3101.12
-252.50	3101.14	3101.13
-252.25	3101.14	3101.14
-252.00	3101.16	3101.15
-251.75	3101.16	3101.16
-251.50	3101.17	3101.17
-251.25	3101.18	3101.18
-251.00	3101.19	3101.20
-250.75	3101.20	3101.20
-250.50	3101.21	3101.21
-250.25	3101.22	3101.22
-250.00	3101.22	3101.22
-249.75	3101.23	3101.23
-249.50	3101.24	3101.25
-249.25	3101.25	3101.27
-249.00	3101.26	3101.28
-248.75	3101.27	3101.30
-248.50	3101.29	3101.30
-248.25	3101.29	3101.32
-248.00	3101.30	3101.33
-247.75	3101.31	3101.33
-247.50	3101.31	3101.35
-247.25	3101.33	3101.35
-247.00	3101.32	3101.35
-246.75	3101.34	3101.35
-246.50	3101.34	3101.36
-246.25	3101.35	3101.39
-246.00	3101.35	3101.42
-245.75	3101.37	3101.42
-245.50	3101.38	3101.43
-245.25	3101.38	3101.45
-245.00	3101.39	3101.45
-244.75	3101.40	3101.47
-244.50	3101.41	3101.48
-244.25	3101.41	3101.49
-244.00	3101.43	3101.50
-243.75	3101.44	3101.52
-243.50	3101.44	3101.53
-243.25	3101.46	3101.54
-243.00	3101.46	3101.54
-242.75	3101.46	3101.56
-242.50	3101.48	3101.57
-242.25	3101.49	3101.58
-242.00	3101.49	3101.59
-241.75	3101.50	3101.60
-241.50	3101.51	3101.61
-241.25	3101.51	3101.62
-241.00	3101.52	3101.63
-240.75	3101.53	3101.64
-240.50	3101.53	3101.65
-240.25	3101.54	3101.66
-240.00	3101.55	3101.67
-239.75	3101.55	3101.68
-239.50	3101.56	3101.69
-239.25	3101.58	3101.71
-239.00	3101.58	3101.72
-238.75	3101.59	3101.73
-238.50	3101.60	3101.74
-238.25	3101.60	3101.75
-238.00	3101.61	3101.76
-237.75	3101.62	3101.77
-237.50	3101.62	3101.77
-237.25	3101.63	3101.79
-237.00	3101.63	3101.79
-236.75	3101.65	3101.81
-236.50	3101.65	3101.81
-236.25	3101.66	3101.84
-236.00	3101.67	3101.84
-235.75	3101.68	3101.86
-235.50	3101.68	3101.87
-235.25	3101.70	3101.88
-235.00	3101.71	3101.89
-234.75	3101.71	3101.90
-234.50	3101.72	3101.91
-234.25	3101.73	3101.92
-234.00	3101.73	3101.93
-233.75	3101.74	3101.94
-233.50	3101.75	3101.94
-233.25	3101.75	3101.95
-233.00	3101.77	3101.96
-232.75	3101.77	3101.98
-232.50	3101.78	3102.00
-232.25	3101.79	3102.00
-232.00	3101.80	3102.01
-231.75	3101.81	3102.03
-231.50	3101.81	3102.03
-231.25	3101.82	3102.04
-231.00	3101.82	3102.05
-230.75	3101.83	3102.06
-230.50	3101.83	3102.07
-230.25	3101.84	3102.08
-230.00	3101.85	3102.10
-229.75	3101.86	3102.10
-229.50	3101.87	3102.13
-229.25	3101.88	3102.13
-229.00	3101.88	3102.14
-228.75	3101.89	3102.15
-228.50	3101.90	3102.16
-228.25	3101.90	3102.17
-228.00	3101.92	3102.18
-227.75	3101.92	3102.19
-227.50	3101.93	3102.19
-227.25	3101.93	3102.20
-227.00	3101.94	3102.22
-226.75	3101.94	3102.23
-226.50	3101.95	3102.23
-226.25	3101.96	3102.25
-226.00	3101.97	3102.27
-225.75	3101.98	3102.27
-225.50	3101.98	3102.28
-225.25	3101.99	3102.29
-225.00	3102.00	3102.30
-224.75	3102.01	3102.31
-224.50	3102.02	3102.32
-224.25	3102.02	3102.33
-224.00	3102.03	3102.35
-223.75	3102.04	3102.36
-223.50	3102.05	3102.37
-223.25	3102.05	3102.38
-223.00	3102.06	3102.38
-222.75	3102.06	3102.40
-222.50	3102.08	3102.40
-222.25	3102.08	3102.42
-222.00	3102.09	3102.42
-221.75	3102.09	3102.44
-221.50	3102.10	3102.44
-221.25	3102.11	3102.46
-221.00	3102.12	3102.47
-221.00	3102.12	3102.47
-220.75	3102.14	3102.48
-220.75	3102.14	3102.48
-220.50	3102.14	3102.49
-220.50	3102.14	3102.49
-220.25	3102.15	3102.50
-220.00	3102.15	3102.51
-219.75	3102.16	3102.52
-219.50	3102.16	3102.53
-219.25	3102.17	3102.54
-219.00	3102.17	3102.55
-218.75	3102.18	3102.57
-218.50	3102.19	3102.57
-218.25	3102.20	3102.58
-218.00	3102.21	3102.60
-217.75	3102.22	3102.61
-217.50	3102.22	3102.61
-217.25	3102.22	3102.62
-217.00	3102.23	3102.63
-216.75	3102.24	3102.64
-216.50	3102.26	3102.66
-216.25	3102.26	3102.66
-215.75	3102.27	3102.67
-215.50	3102.29	3102.69
-215.25	3102.29	3102.70
-215.00	3102.29	3102.72
-214.75	3102.31	3102.72
-214.50	3102.31	3102.73
-214.25	3102.32	3102.74
-214.00	3102.32	3102.76
-213.75	3102.34	3102.77
-213.50	3102.34	3102.77
-213.25	3102.34	3102.77
-213.00	3102.35	3102.79
-212.75	3102.35	3102.80
-212.50	3102.36	3102.81
-212.25	3102.36	3102.81
-212.00	3102.37	3102.82
-211.75	3102.38	3102.84
-211.50	3102.39	3102.85
-211.25	3102.39	3102.86
-211.00	3102.40	3102.88
-210.75	3102.42	3102.88
-210.50	3102.42	3102.89
-210.25	3102.43	3102.90
-210.00	3102.44	3102.91
-209.75	3102.45	3102.93
-209.50	3102.45	3102.93
-209.25	3102.47	3102.94
-209.00	3102.46	3102.96
-208.75	3102.48	3102.96
-208.50	3102.48	3102.97
-208.25	3102.49	3102.99
-208.00	3102.49	3103.00
-207.75	3102.49	3103.01
-207.50	3102.50	3103.01
-207.25	3102.51	3103.02
-207.00	3102.52	3103.03
-206.75	3102.53	3103.03
-206.50	3102.53	3103.05
-206.25	3102.54	3103.06
-206.00	3102.55	3103.06
-205.75	3102.55	3103.08
-205.50	3102.56	3103.08
-205.25	3102.57	3103.10
-205.00	3102.58	3103.11
-204.75	3102.58	3103.13
-204.50	3102.58	3103.13
-204.25	3102.60	3103.15
-204.00	3102.61	3103.16
-203.75	3102.61	3103.16
-203.50	3102.62	3103.18
-203.25	3102.63	3103.19
-203.00	3102.65	3103.21
-202.75	3102.65	3103.21
-202.50	3102.66	3103.23
-202.25	3102.66	3103.23
-202.00	3102.66	3103.24
-201.75	3102.68	3103.25
-201.50	3102.69	3103.27
-201.25	3102.70	3103.28
-201.00	3102.70	3103.29
-200.75	3102.72	3103.30
-200.50	3102.73	3103.31
-200.25	3102.73	3103.32
-200.00	3102.75	3103.33
-199.75	3102.75	3103.35
-199.50	NaN	NaN
-199.25	NaN	NaN
-199.00	NaN	NaN
-198.75	NaN	NaN
-198.50	NaN	NaN
-198.25	NaN	NaN
-198.00	NaN	NaN
-197.75	NaN	NaN
-197.50	NaN	NaN
-197.25	NaN	NaN
-197.00	NaN	NaN
-196.75	NaN	NaN
-196.50	NaN	NaN
-196.25	NaN	NaN
-196.00	NaN	NaN
-195.75	NaN	NaN
-195.50	NaN	NaN
-195.25	NaN	NaN
-195.00	NaN	NaN
-194.75	NaN	NaN
-194.50	NaN	NaN
-194.25	NaN	NaN
-194.00	NaN	NaN
-193.75	NaN	NaN
-193.50	NaN	NaN
-193.25	NaN	NaN
-193.00	NaN	NaN
-192.75	NaN	NaN
-192.50	NaN	NaN
-192.25	NaN	NaN
-192.00	NaN	NaN
-191.75	NaN	NaN
-191.50	NaN	NaN
-191.25	NaN	NaN
-191.00	NaN	NaN
-190.75	NaN	NaN
-190.50	NaN	NaN
-190.25	NaN	NaN
-190.00	NaN	NaN
-189.75	NaN	NaN
-189.50	NaN	NaN
-189.25	NaN	NaN
-189.00	NaN	NaN
-188.75	NaN	NaN
-188.50	NaN	NaN
-188.25	NaN	NaN
-188.00	NaN	NaN
-187.75	NaN	NaN
-187.50	NaN	NaN
-187.25	NaN	NaN
-187.00	NaN	NaN
-186.75	NaN	NaN
-186.50	NaN	NaN
-186.25	NaN	NaN
-186.00	NaN	NaN
-185.75	NaN	NaN
-185.50	NaN	NaN
-185.25	NaN	NaN
-185.00	NaN	NaN
-184.75	NaN	NaN
-184.50	NaN	NaN
-184.25	NaN	NaN
-184.00	NaN	NaN
-183.75	NaN	NaN
-183.50	NaN	NaN
-183.25	NaN	NaN
-183.00	NaN	NaN
-182.75	NaN	NaN
-182.50	NaN	NaN
-182.25	NaN	NaN
-182.00	NaN	NaN
-181.75	NaN	NaN
-181.50	NaN	NaN
-181.25	NaN	NaN
-181.00	NaN	NaN
-180.75	NaN	NaN
-180.50	NaN	NaN
-180.25	NaN	NaN
-180.00	NaN	NaN
-179.75	NaN	NaN
-179.50	NaN	NaN
-179.25	NaN	NaN
-179.00	NaN	NaN
-178.75	NaN	NaN
-178.50	NaN	NaN
-178.25	NaN	NaN
-178.00	NaN	NaN
-177.75	NaN	NaN
-177.50	NaN	NaN
-177.25	NaN	NaN
-177.00	NaN	NaN
-176.75	NaN	NaN
-176.50	NaN	NaN
-176.25	NaN	NaN
-176.00	NaN	NaN
-175.75	NaN	NaN
-175.50	NaN	NaN
-175.25	NaN	NaN
-175.00	NaN	NaN
-174.75	NaN	NaN
-174.50	NaN	NaN
-174.25	NaN	NaN
-174.00	NaN	NaN
-173.75	NaN	NaN
-173.50	NaN	NaN
-173.25	NaN	NaN
-173.00	NaN	NaN
-172.75	NaN	NaN
-172.50	NaN	NaN
-172.25	NaN	NaN
-172.00	NaN	NaN
-171.75	NaN	NaN
-171.50	NaN	NaN
-171.25	NaN	NaN
-171.00	NaN	NaN
-170.75	NaN	NaN
-170.50	NaN	NaN
-170.25	NaN	NaN
-170.00	NaN	NaN
-169.75	NaN	NaN
-169.50	NaN	NaN
-169.25	NaN	NaN
-169.00	NaN	NaN
-168.75	NaN	NaN
-168.50	NaN	NaN
-168.25	NaN	NaN
-168.00	NaN	NaN
-167.75	NaN	NaN
-167.50	NaN	NaN
-167.25	3104.05	3104.99
-167.00	3104.08	3105.02
-166.75	3104.10	3105.05
-166.50	3104.13	3105.07
-166.25	3104.16	3105.10
-166.00	3104.18	3105.13
-165.75	3104.21	3105.15
-165.50	3104.23	3105.18
-165.25	3104.25	3105.20
-165.00	3104.27	3105.23
-164.75	3104.30	3105.26
-164.50	3104.32	3105.29
-164.25	3104.35	3105.31
-164.00	3104.37	3105.33
-163.75	3104.39	3105.36
-163.50	3104.41	3105.38
-163.25	3104.44	3105.40
-163.00	3104.46	3105.43
-162.75	3104.48	3105.46
-162.50	3104.51	3105.48
-162.25	3104.53	3105.51
-162.00	3104.54	3105.52
-161.75	3104.57	3105.56
-161.50	3104.59	3105.57
-161.25	3104.61	3105.60
-161.00	3104.63	3105.62
-160.75	3104.65	3105.64
-160.50	3104.67	3105.67
-160.25	3104.70	3105.69
-159.75	3104.74	3105.73
-159.50	3104.75	3105.76
-159.25	3104.77	3105.77
-159.00	3104.80	3105.79
-158.75	3104.81	3105.82
-158.50	3104.83	3105.84
-158.25	3104.85	3105.86
-158.00	3104.87	3105.89
-157.75	3104.88	3105.90
-157.50	3104.90	3105.92
-157.25	3104.93	3105.94
-157.00	3104.95	3105.96
-156.75	3104.96	3105.98
-156.50	3104.98	3106.01
-156.25	3105.00	3106.03
-156.00	3105.00	3106.03
-155.50	3105.00	3106.03
-155.25	3105.07	3106.11
-155.00	3105.07	3106.11
-154.75	3105.09	3106.11
-154.50	3105.13	3106.16
-154.25	3105.13	3106.16
-154.00	3105.15	3106.19
-153.75	3105.18	3106.23
-153.50	3105.18	3106.23
-153.00	3105.24	3106.29
-152.50	3105.27	3106.33
-152.25	3105.29	3106.35
-152.00	3105.29	3106.35
-151.75	3105.31	3106.35
-151.50	3105.36	3106.42
-151.25	3105.37	3106.44
-151.00	3105.39	3106.47
-150.75	3105.42	3106.48
-150.50	3105.44	3106.50
-150.25	3105.45	3106.53
-150.00	3105.46	3106.53
-149.75	3105.47	3106.53
-149.50	3105.51	3106.59
-149.25	3105.53	3106.61
-149.00	3105.56	3106.64
-148.75	3105.58	3106.65
-148.50	3105.59	3106.69
-148.25	3105.61	3106.71
-148.00	3105.63	3106.73
-147.75	3105.66	3106.75
-147.50	3105.68	3106.77
-147.25	3105.70	3106.79
-147.00	3105.72	3106.81
-146.75	3105.75	3106.84
-146.50	3105.76	3106.87
-146.25	3105.78	3106.89
-146.00	3105.80	3106.91
-145.75	3105.82	3106.94
-145.50	3105.85	3106.96
-145.25	3105.86	3106.98
-145.00	3105.89	3107.01
-144.75	3105.90	3107.03
-144.50	3105.93	3107.05
-144.25	3105.95	3107.08
-144.00	3105.97	3107.10
-143.75	3106.00	3107.13
-143.50	3106.02	3107.15
-143.25	3106.04	3107.18
-143.00	3106.07	3107.20
-142.75	3106.08	3107.22
-142.50	3106.10	3107.24
-142.25	3106.13	3107.26
-142.00	3106.15	3107.29
-141.75	3106.17	3107.31
-141.50	3106.19	3107.33
-141.25	3106.21	3107.36
-141.00	3106.23	3107.38
-140.75	3106.25	3107.40
-140.50	3106.28	3107.42
-140.25	3106.29	3107.45
-140.00	3106.31	3107.47
-139.75	3106.33	3107.49
-139.50	3106.35	3107.52
-139.25	3106.37	3107.53
-139.00	3106.39	3107.55
-138.75	3106.41	3107.59
-138.50	3106.43	3107.60
-138.25	3106.45	3107.63
-138.00	3106.47	3107.66
-137.75	3106.50	3107.68
-137.50	3106.51	3107.70
-137.25	3106.53	3107.72
-137.00	3106.55	3107.75
-136.75	3106.57	3107.77
-136.50	3106.59	3107.79
-136.25	3106.60	3107.81
-136.00	3106.63	3107.84
-135.75	3106.64	3107.86
-135.50	3106.66	3107.89
-135.25	3106.69	3107.91
-135.00	3106.71	3107.93
-134.75	3106.73	3107.96
-134.50	3106.74	3107.98
-134.25	3106.77	3108.01
-134.00	3106.78	3108.03
-133.75	3106.80	3108.04
-133.50	3106.83	3108.07
-133.25	3106.85	3108.09
-133.00	3106.86	3108.11
-132.75	3106.88	3108.14
-132.50	3106.90	3108.16
-132.25	3106.92	3108.19
-132.00	3106.94	3108.21
-131.75	3106.95	3108.23
-131.50	3106.97	3108.25
-131.25	3107.00	3108.27
-131.00	3107.02	3108.30
-130.75	3107.03	3108.32
-130.50	3107.05	3108.35
-130.25	3107.08	3108.37
-130.00	3107.09	3108.40
-129.75	3107.12	3108.41
-129.50	3107.14	3108.44
-129.25	3107.15	3108.45
-129.00	3107.18	3108.48
-128.75	3107.20	3108.51
-128.50	3107.22	3108.53
-128.25	3107.23	3108.55
-128.00	3107.26	3108.58
-127.75	3107.28	3108.60
-127.50	3107.29	3108.62
-127.25	3107.31	3108.65
-127.00	3107.33	3108.66
-126.75	3107.34	3108.69
-126.50	3107.36	3108.70
-126.25	3107.38	3108.73
-126.00	3107.40	3108.75
-125.75	3107.42	3108.77
-125.50	3107.44	3108.79
-125.25	3107.47	3108.81
-125.00	3107.48	3108.84
-124.75	3107.51	3108.86
-124.50	3107.52	3108.88
-124.25	3107.54	3108.90
-124.00	3107.56	3108.92
-123.75	3107.58	3108.94
-123.50	3107.59	3108.96
-123.25	3107.61	3108.99
-123.00	3107.63	3109.01
-122.75	3107.65	3109.02
-122.50	3107.66	3109.05
-122.25	3107.69	3109.06
