16	3135.88
16.25	3135.91
16.5	3135.93
16.75	3135.96
17	3136.05
17.25	3136.12
17.5	3136.22
17.75	3136.47
18	3136.56
18.25	3136.59
18.5	3136.61
18.75	3136.63
19	3136.64
19.25	3136.66
19.5	3136.67
19.75	3136.68
20	3136.69
20.25	3136.7
20.5	3136.71
20.75	3136.72
21	3136.74
21.25	3136.76
21.5	3136.78
21.75	3136.79
22	3136.81
22.25	3136.82
22.5	3136.83
22.75	3136.84
23	3136.86
23.25	3136.88
23.5	3136.9
23.75	3136.91
24	3136.93
24.25	3136.94
24.5	3136.95
24.75	3136.96
25	3136.97
25.25	3136.98
25.5	3136.99
25.75	3137
26	3137.01
26.25	3137.03
26.5	3137.04
26.75	3137.05
27	3137.06
27.25	3137.08
27.5	3137.09
27.75	3137.1
28	3137.11
28.25	3137.13
28.5	3137.14
28.75	3137.15
29	3137.17
29.25	3137.18
29.5	3137.2
29.75	3137.21
30	3137.24
30.25	3137.27
30.5	3137.29
30.75	3137.31
31	3137.34
31.25	3137.36
31.5	3137.38
31.75	3137.4
32	3137.44
32.25	3137.5
32.5	3137.53
32.75	3137.55
33	3137.61
33.25	3137.66
33.5	3137.69
33.75	3137.71
34	3137.85
34.25	3137.98
34.5	3138.09
34.75	3138.31
35	3138.52
35.25	3138.62
35.5	3138.65
35.75	3138.69
36	3138.91
36.25	3138.99
36.5	3139
36.75	3139.08
37	3139.41
37.25	3139.63
37.5	3139.65
37.75	3139.75
38	3140.03
38.25	3140.46
38.5	3141.09
38.75	3141.25
39	3141.26
39.25	3141.2
39.5	3141.11
39.75	3141.03
40	3140.96
40.25	3140.91
40.5	3140.86
40.75	3140.84
41	3140.88
41.25	3140.92
41.5	3140.94
41.75	3140.99
42	3141.39
42.25	3141.53
42.5	3141.54
42.75	3141.71
43	3142.38
43.25	3142.64
43.5	3142.75
43.75	3142.99
44	3143.49
44.25	3143.7
44.5	3143.8
44.75	3144.18
45	3145.14
45.25	3145.39
45.5	3145.48
45.75	3145.83
46	3146.31
46.25	3146.83
46.5	3147.2
46.75	3147.61
47	3148.03
47.25	3148.16
47.5	3148.2
47.75	3148.48
48	3149.01
48.25	3149.09
48.5	3149.11
48.75	3149.37
49	3149.81
49.25	3149.9
49.5	3149.93
49.75	3150.14
50	3150.5
50.25	3150.63
50.5	3150.72
50.75	3150.89
51	3151.17
51.25	3151.23
51.5	3151.27
51.75	3151.5
52	3151.78
52.25	3151.83
52.5	3151.85
52.75	3152.08
53	3152.38
53.25	3152.43
53.5	3152.45
53.75	3152.68
54	3152.96
54.25	3153.04
54.5	3153.07
54.75	3153.31
55	3153.59
55.25	3153.65
55.5	3153.68
55.75	3153.89
56	3154.08
56.25	3154.15
56.5	3154.19
56.75	3154.44
57	3154.69
57.25	3154.78
57.5	3154.82
57.75	3154.97
58	3155.13
58.25	3155.18
58.5	3155.19
58.75	3155.2
59	3155.28
59.25	3155.31
59.5	3155.32
59.75	3155.41
60	3155.6
60.25	3155.63
60.5	3155.63
60.75	3155.76
61	3155.93
61.25	3155.96
61.5	3155.96
61.75	3156.1
62	3156.27
62.25	3156.29
62.5	3156.3
62.75	3156.42
63	3156.53
63.25	3156.55
63.5	3156.58
63.75	3156.69
64	3156.83
64.25	3156.85
64.5	3156.87
64.75	3156.99
65	3157.14
65.25	3157.17
65.5	3157.18
65.75	3157.29
66	3157.4
66.25	3157.44
66.5	3157.48
66.75	3157.61
67	3157.87
67.25	3158.07
67.5	3158.16
67.75	3158.29
68	3158.42
68.25	3158.45
68.5	3158.45
68.75	3158.61
69	3158.78
69.25	3158.79
69.5	3158.79
69.75	3158.88
70	3158.98
70.25	3159.01
70.5	3159.01
70.75	3159.11
71	3159.23
71.25	3159.27
71.5	3159.28
71.75	3159.47
72	3159.69
72.25	3159.71
72.5	3159.72
72.75	3159.92
73	3160.15
73.25	3160.17
73.5	3160.18
73.75	3160.33
74	3160.49
74.25	3160.53
74.5	3160.55
74.75	3160.68
75	3160.94
75.25	3160.98
75.5	3160.98
75.75	3161.2
76	3161.42
76.25	3161.45
76.5	3161.47
76.75	3161.72
77	3161.97
77.25	3162
77.5	3162.01
77.75	3162.25
78	3162.52
78.25	3162.54
78.5	3162.55
78.75	3162.84
79	3163.15
79.25	3163.21
79.5	3163.26
79.75	3163.43
80	3163.64
80.25	3163.76
80.5	3163.82
80.75	3163.85
81	3163.88
81.25	3163.89
81.5	3163.9
81.75	3163.92
82	3163.92
82.25	3163.92
82.5	3163.92
82.75	3163.93
83	3163.98
83.25	3164
83.5	3164.02
83.75	3164.04
84	3164.13
84.25	3164.18
84.5	3164.19
84.75	3164.22
85	3164.33
85.25	3164.36
85.5	3164.38
85.75	3164.42
86	3164.54
86.25	3164.57
86.5	3164.58
86.75	3164.63
87	3164.7
87.25	3164.72
87.5	3164.73
87.75	3164.77
88	3164.83
88.25	3164.84
88.5	3164.86
88.75	3164.93
89	3165.05
89.25	3165.08
89.5	3165.09
89.75	3165.07
90	3164.79
90.25	3164.81
90.5	3164.8
90.75	3164.35
91	3163.62
91.25	3162.8
91.5	3162.06
91.75	3161.47
92	3160.97
92.25	3160.39
92.5	3159.85
92.75	3159.38
93	3158.38
93.25	3155.91
93.5	3153.33
93.75	3150.69
94	3146.47
94.25	3139.63
94.5	3136.08
94.75	3135.6
95	3134.56
95.25	3132.85
95.5	3131.33
95.75	3131.01
96	NaN
96.25	NaN
96.5	NaN
96.75	NaN
97	NaN
97.25	NaN
97.5	NaN
97.75	NaN
98	NaN
98.25	NaN
98.5	NaN
98.75	NaN
99	NaN
99.25	NaN
99.5	NaN
99.75	NaN
100	NaN
100.25	NaN
100.5	NaN
100.75	NaN
101	NaN
101.25	NaN
101.5	NaN
101.75	NaN
102	NaN
102.25	NaN
102.5	NaN
102.75	NaN
103	NaN
103.25	NaN
103.5	NaN
103.75	NaN
104	NaN
104.25	NaN
104.5	NaN
104.75	NaN
105	NaN
105.25	NaN
105.5	NaN
105.75	NaN
106	NaN
106.25	NaN
106.5	NaN
106.75	NaN
107	NaN
107.25	NaN
107.5	NaN
107.75	NaN
108	NaN
108.25	NaN
108.5	NaN
108.75	NaN
109	NaN
109.25	NaN
109.5	NaN
109.75	NaN
110	NaN
110.25	NaN
110.5	NaN
110.75	NaN
111	NaN
111.25	NaN
111.5	NaN
111.75	NaN
112	NaN
112.25	NaN
112.5	NaN
112.75	NaN
113	NaN
113.25	NaN
113.5	NaN
113.75	NaN
114	NaN
114.25	NaN
114.5	NaN
114.75	NaN
115	NaN
115.25	NaN
115.5	NaN
115.75	NaN
116	NaN
116.25	NaN
116.5	NaN
116.75	NaN
117	NaN
117.25	NaN
117.5	NaN
117.75	NaN
118	NaN
118.25	NaN
118.5	NaN
118.75	NaN
119	NaN
119.25	NaN
119.5	NaN
119.75	NaN
120	NaN
120.25	NaN
120.5	NaN
120.75	NaN
121	NaN
121.25	NaN
121.5	NaN
121.75	NaN
122	NaN
122.25	NaN
122.5	NaN
122.75	NaN
123	NaN
123.25	NaN
123.5	NaN
123.75	NaN
124	NaN
124.25	NaN
124.5	NaN
124.75	NaN
125	NaN
125.25	NaN
125.5	NaN
125.75	NaN
126	NaN
126.25	NaN
126.5	NaN
126.75	NaN
127	NaN
127.25	NaN
127.5	NaN
127.75	NaN
128	NaN
128.25	NaN
128.5	NaN
128.75	NaN
129	NaN
129.25	NaN
129.5	NaN
129.75	NaN
130	NaN
130.25	NaN
130.5	NaN
130.75	NaN
131	NaN
131.25	NaN
131.5	NaN
131.75	NaN
132	NaN
132.25	NaN
132.5	NaN
132.75	NaN
133	NaN
133.25	NaN
133.5	NaN
133.75	NaN
134	NaN
134.25	NaN
134.5	NaN
134.75	NaN
135	NaN
135.25	NaN
135.5	NaN
135.75	NaN
136	NaN
136.25	NaN
136.5	NaN
136.75	NaN
137	NaN
137.25	NaN
137.5	NaN
137.75	NaN
138	NaN
138.25	NaN
138.5	NaN
138.75	NaN
139	NaN
139.25	NaN
139.5	NaN
139.75	NaN
140	NaN
140.25	NaN
140.5	NaN
140.75	NaN
141	NaN
141.25	NaN
141.5	NaN
141.75	NaN
142	NaN
142.25	NaN
142.5	NaN
142.75	NaN
143	NaN
143.25	NaN
143.5	NaN
143.75	NaN
144	NaN
144.25	NaN
144.5	NaN
144.75	NaN
145	NaN
145.25	NaN
145.5	NaN
145.75	NaN
146	NaN
146.25	NaN
146.5	NaN
146.75	NaN
147	NaN
147.25	NaN
147.5	NaN
147.75	NaN
148	NaN
148.25	NaN
148.5	NaN
148.75	NaN
149	NaN
149.25	NaN
149.5	NaN
149.75	NaN
150	NaN
150.25	NaN
150.5	NaN
150.75	NaN
151	NaN
151.25	NaN
151.5	NaN
151.75	NaN
152	NaN
152.25	NaN
152.5	NaN
152.75	NaN
153	NaN
153.25	NaN
153.5	NaN
153.75	NaN
154	NaN
154.25	NaN
154.5	NaN
154.75	NaN
155	NaN
155.25	NaN
155.5	NaN
155.75	NaN
156	NaN
156.25	NaN
156.5	NaN
156.75	NaN
157	NaN
157.25	NaN
157.5	NaN
157.75	NaN
158	NaN
158.25	NaN
158.5	NaN
158.75	NaN
159	NaN
159.25	NaN
159.5	NaN
159.75	NaN
160	NaN
160.25	NaN
160.5	NaN
160.75	NaN
161	NaN
161.25	NaN
161.5	NaN
161.75	NaN
162	NaN
162.25	NaN
162.5	NaN
162.75	NaN
163	NaN
163.25	NaN
163.5	NaN
163.75	NaN
164	NaN
164.25	NaN
164.5	NaN
164.75	NaN
165	NaN
165.25	NaN
165.5	NaN
165.75	NaN
166	NaN
166.25	NaN
166.5	NaN
166.75	NaN
167	NaN
167.25	NaN
167.5	NaN
167.75	NaN
168	NaN
168.25	NaN
168.5	NaN
168.75	NaN
169	NaN
169.25	NaN
169.5	NaN
169.75	NaN
170	NaN
170.25	NaN
170.5	NaN
170.75	NaN
171	NaN
171.25	NaN
171.5	NaN
171.75	NaN
172	NaN
172.25	NaN
172.5	NaN
172.75	NaN
173	NaN
173.25	NaN
173.5	NaN
173.75	NaN
174	NaN
174.25	NaN
174.5	NaN
174.75	NaN
175	NaN
175.25	NaN
175.5	NaN
175.75	NaN
176	NaN
176.25	NaN
176.5	NaN
176.75	NaN
177	NaN
177.25	NaN
177.5	NaN
177.75	NaN
178	NaN
178.25	NaN
178.5	NaN
178.75	NaN
179	NaN
179.25	NaN
179.5	NaN
179.75	NaN
180	NaN
180.25	NaN
180.5	NaN
180.75	NaN
181	NaN
181.25	NaN
181.5	NaN
181.75	NaN
182	NaN
182.25	NaN
182.5	NaN
182.75	NaN
183	NaN
183.25	NaN
183.5	NaN
183.75	NaN
184	NaN
184.25	NaN
184.5	NaN
184.75	NaN
185	NaN
185.25	NaN
185.5	NaN
185.75	NaN
186	NaN
186.25	NaN
186.5	NaN
186.75	NaN
187	NaN
187.25	NaN
187.5	NaN
187.75	NaN
188	NaN
188.25	NaN
188.5	NaN
188.75	NaN
189	NaN
189.25	NaN
189.5	NaN
189.75	NaN
190	NaN
190.25	NaN
190.5	NaN
190.75	NaN
191	NaN
191.25	NaN
191.5	NaN
191.75	NaN
192	NaN
192.25	NaN
192.5	NaN
192.75	NaN
193	NaN
193.25	NaN
193.5	NaN
193.75	NaN
194	NaN
194.25	NaN
194.5	NaN
194.75	NaN
195	NaN
195.25	NaN
195.5	NaN
195.75	NaN
196	NaN
196.25	NaN
196.5	NaN
196.75	NaN
197	NaN
197.25	NaN
197.5	NaN
197.75	NaN
198	NaN
198.25	NaN
198.5	NaN
198.75	NaN
199	NaN
199.25	NaN
199.5	NaN
199.75	NaN
200	NaN
200.25	NaN
200.5	NaN
200.75	NaN
201	NaN
201.25	NaN
201.5	NaN
201.75	NaN
202	NaN
202.25	NaN
202.5	NaN
202.75	NaN
203	NaN
203.25	NaN
203.5	NaN
203.75	NaN
204	NaN
204.25	NaN
204.5	NaN
204.75	NaN
205	NaN
205.25	NaN
205.5	NaN
205.75	NaN
206	NaN
206.25	NaN
206.5	NaN
206.75	NaN
207	NaN
207.25	NaN
207.5	NaN
207.75	NaN
208	NaN
208.25	NaN
208.5	NaN
208.75	NaN
209	NaN
209.25	NaN
209.5	NaN
209.75	NaN
210	NaN
210.25	NaN
210.5	NaN
210.75	NaN
211	NaN
211.25	NaN
211.5	NaN
211.75	NaN
212	NaN
212.25	NaN
212.5	NaN
212.75	NaN
213	NaN
213.25	NaN
213.5	NaN
213.75	NaN
214	NaN
214.25	NaN
214.5	NaN
214.75	NaN
215	NaN
215.25	NaN
215.5	NaN
215.75	NaN
216	NaN
216.25	NaN
216.5	NaN
216.75	NaN
217	NaN
217.25	NaN
217.5	NaN
217.75	NaN
218	NaN
218.25	NaN
218.5	NaN
218.75	NaN
219	NaN
219.25	NaN
219.5	NaN
219.75	NaN
220	NaN
220.25	NaN
220.5	NaN
220.75	NaN
221	NaN
221.25	NaN
221.5	NaN
221.75	NaN
222	NaN
222.25	NaN
222.5	NaN
222.75	NaN
223	NaN
223.25	NaN
223.5	NaN
223.75	NaN
224	NaN
224.25	NaN
224.5	NaN
224.75	NaN
225	NaN
225.25	NaN
225.5	NaN
225.75	NaN
226	NaN
226.25	NaN
226.5	NaN
226.75	NaN
227	NaN
227.25	NaN
227.5	NaN
227.75	NaN
228	NaN
228.25	NaN
228.5	NaN
228.75	NaN
229	NaN
229.25	NaN
229.5	NaN
229.75	NaN
230	NaN
230.25	NaN
230.5	NaN
230.75	NaN
231	NaN
231.25	NaN
231.5	NaN
231.75	NaN
232	NaN
232.25	NaN
232.5	NaN
232.75	NaN
233	NaN
233.25	NaN
233.5	NaN
233.75	NaN
234	NaN
234.25	NaN
234.5	NaN
234.75	NaN
235	NaN
235.25	NaN
235.5	NaN
235.75	NaN
236	NaN
236.25	NaN
236.5	NaN
236.75	NaN
237	NaN
237.25	NaN
237.5	NaN
237.75	NaN
238	NaN
238.25	NaN
238.5	NaN
238.75	NaN
239	NaN
239.25	NaN
239.5	NaN
239.75	NaN
240	NaN
240.25	NaN
240.5	NaN
240.75	NaN
241	NaN
241.25	NaN
241.5	NaN
241.75	NaN
242	NaN
242.25	NaN
242.5	NaN
242.75	NaN
243	NaN
243.25	NaN
243.5	NaN
243.75	NaN
244	NaN
244.25	NaN
244.5	NaN
244.75	NaN
245	NaN
245.25	NaN
245.5	NaN
245.75	NaN
246	NaN
246.25	NaN
246.5	NaN
246.75	NaN
247	NaN
247.25	NaN
247.5	NaN
247.75	NaN
248	NaN
248.25	NaN
248.5	NaN
248.75	NaN
249	NaN
249.25	NaN
249.5	NaN
249.75	NaN
250	NaN
250.25	NaN
250.5	NaN
250.75	NaN
251	NaN
251.25	NaN
251.5	NaN
251.75	NaN
252	NaN
252.25	NaN
252.5	NaN
252.75	NaN
253	NaN
253.25	NaN
253.5	NaN
253.75	NaN
254	NaN
254.25	NaN
254.5	NaN
254.75	NaN
255	NaN
255.25	NaN
255.5	NaN
255.75	NaN
256	NaN
256.25	NaN
256.5	NaN
256.75	NaN
257	NaN
257.25	NaN
257.5	NaN
257.75	NaN
258	NaN
258.25	NaN
258.5	NaN
258.75	NaN
259	NaN
259.25	NaN
259.5	NaN
259.75	NaN
260	NaN
260.25	NaN
260.5	NaN
260.75	NaN
261	NaN
261.25	NaN
261.5	NaN
261.75	NaN
262	NaN
262.25	NaN
262.5	NaN
262.75	NaN
263	NaN
263.25	NaN
263.5	NaN
263.75	NaN
264	NaN
264.25	NaN
264.5	NaN
264.75	NaN
265	NaN
265.25	NaN
265.5	NaN
265.75	NaN
266	NaN
266.25	NaN
266.5	NaN
266.75	NaN
267	NaN
267.25	NaN
267.5	NaN
267.75	NaN
268	NaN
268.25	NaN
268.5	NaN
268.75	NaN
269	NaN
269.25	NaN
269.5	NaN
269.75	NaN
270	NaN
270.25	NaN
270.5	NaN
270.75	NaN
271	NaN
271.25	NaN
271.5	NaN
271.75	NaN
272	NaN
272.25	NaN
272.5	NaN
272.75	NaN
273	NaN
273.25	NaN
273.5	NaN
273.75	NaN
274	NaN
274.25	NaN
274.5	NaN
274.75	NaN
275	NaN
275.25	NaN
275.5	NaN
275.75	NaN
276	3130.95
276.25	3131.08
276.5	3131.2
276.75	3131.29
277	3131.38
277.25	3131.48
277.5	3131.57
277.75	3131.64
278	3131.7
278.25	3131.78
278.5	3131.87
278.75	3131.95
279	3132.01
279.25	3132.05
279.5	3132.08
279.75	3132.1
280	3132.12
280.25	3132.13
280.5	3132.15
280.75	3132.17
281	3132.18
281.25	3132.2
281.5	3132.21
281.75	3132.23
282	3132.23
282.25	3132.25
282.5	3132.26
282.75	3132.28
283	3132.29
283.25	3132.31
283.5	3132.32
283.75	3132.33
284	3132.35
284.25	3132.36
284.5	3132.37
284.75	3132.38
285	3132.39
285.25	3132.4
285.5	3132.41
285.75	3132.42
286	3132.43
286.25	3132.44
286.5	3132.45
286.75	3132.45
287	3132.45
287.25	3132.47
287.5	3132.47
287.75	3132.48
288	3132.48
288.25	3132.49
288.5	3132.5
288.75	3132.57
289	3132.58
289.25	3132.64
289.5	3132.66
289.75	3132.66
290	3132.67
290.25	3132.67
290.5	3132.68
290.75	3132.68
291	3132.68
291.25	3132.69
291.5	3132.69
291.75	3132.7
292	3132.7
292.25	3132.71
292.5	3132.71
292.75	3132.71
293	3132.72
293.25	3132.73
293.5	3132.73
293.75	3132.74
294	3132.74
294.25	3132.75
294.5	3132.75
294.75	3132.76
295	3132.76
295.25	3132.77
295.5	3132.77
295.75	3132.77
296	3132.78
296.25	3132.78
296.5	3132.78
296.75	3132.79
297	3132.79
297.25	3132.8
297.5	3132.8
297.75	3132.8
298	3132.81
298.25	3132.81
298.5	3132.82
298.75	3132.82
299	3132.82
299.25	3132.83
299.5	3132.84
299.75	3132.84
300	3132.84
300.25	3132.85
300.5	3132.85
300.75	3132.86
301	3132.86
301.25	3132.86
301.5	3132.86
301.75	3132.87
302	3132.87
302.25	3132.88
302.5	3132.88
302.75	3132.88
303	3132.89
303.25	3132.89
303.5	3132.9
303.75	3132.9
304	3132.9
304.25	3132.92
304.5	3132.91
304.75	3132.92
305	3132.92
305.25	3132.93
305.5	3132.93
305.75	3132.94
306	3132.94
306.25	3132.94
306.5	3132.95
306.75	3132.95
307	3132.96
307.25	3132.96
307.5	3132.96
307.75	3132.97
308	3132.97
308.25	3132.98
308.5	3132.98
308.75	3132.99
309	3132.99
309.25	3133
309.5	3133
309.75	3133
310	3133.01
310.25	3133.01
310.5	3133.02
310.75	3133.03
311	3133.03
311.25	3133.03
311.5	3133.04
311.75	3133.04
312	3133.04
312.25	3133.05
312.5	3133.05
312.75	3133.05
313	3133.06
313.25	3133.06
313.5	3133.07
313.75	3133.07
314	3133.07
314.25	3133.08
314.5	3133.08
314.75	3133.08
315	3133.09
315.25	3133.09
315.5	3133.09
315.75	3133.09
316	3133.1
316.25	3133.12
316.5	3133.14
316.75	3133.15
317	3133.17
317.25	3133.22
317.5	3133.25
317.75	3133.28
318	3133.34
318.25	3133.41
318.5	3133.46
318.75	3133.49
319	3133.53
319.25	3133.57
319.5	3133.61
319.75	3133.63
320	3133.66
320.25	3133.7
320.5	3133.73
320.75	3133.76
321	3133.78
321.25	3133.79
321.5	3133.81
321.75	3133.82
322	3133.83
322.25	3133.84
322.5	3133.84
322.75	3133.85
323	3133.86
323.25	3133.86
323.5	3133.87
323.75	3133.87
324	3133.88
324.25	3133.89
324.5	3133.9
324.75	3133.9
325	3133.92
325.25	3133.95
325.5	3133.98
325.75	3134.01
326	3134.03
326.25	3134.04
326.5	3134.05
326.75	3134.06
327	3134.07
327.25	3134.07
327.5	3134.08
327.75	3134.08
328	3134.09
328.25	3134.09
328.5	3134.09
328.75	3134.1
329	3134.11
329.25	3134.13
329.5	3134.18
329.75	3134.22
330	3134.27
330.25	3134.4
330.5	3134.54
330.75	3134.64
331	3134.77
331.25	3135
331.5	3135.23
331.75	3135.39
332	3135.56
332.25	3135.81
332.5	3136.04
332.75	3136.21
333	3136.38
333.25	3136.56
333.5	3136.74
333.75	3136.87
334	3137.02
334.25	3137.21
334.5	3137.39
334.75	3137.54
335	3137.78
335.25	3138.2
335.5	3138.63
335.75	3138.95
336	3139.41
336.25	3139.98
336.5	3140.44
336.75	3140.75
337	3141.07
337.25	3141.4
337.5	3141.69
337.75	3141.95
338	3142.57
338.25	3143.52
338.5	3144.15
338.75	3144.53
339	3145.07
339.25	3145.88
339.5	3146.64
339.75	3147.32
340	3148.04
340.25	3148.65
340.5	3149.01
340.75	3149.25
341	3149.43
341.25	3149.61
341.5	3149.75
341.75	3149.83
342	3149.93
342.25	3150.06
342.5	3150.23
342.75	3150.37
343	3150.48
343.25	3150.57
343.5	3150.64
343.75	3150.72
344	3150.87
344.25	3151.11
344.5	3151.35
344.75	3151.59
345	3151.83
345.25	3152.02
345.5	3152.17
345.75	3152.31
346	3152.44
346.25	3152.56
346.5	3152.66
346.75	3152.75
347	3152.83
347.25	3152.89
347.5	3152.94
347.75	3152.99
348	3153.02
348.25	3153.06
348.5	3153.09
348.75	3153.11
349	3153.13
349.25	3153.15
349.5	3153.16
349.75	3153.17
350	3153.19
350.25	3153.2
350.5	3153.21
350.75	3153.22
351	3153.23
351.25	3153.23
351.5	3153.24
351.75	3153.25
352	3153.29
352.25	3153.35
352.5	3153.41
352.75	3153.49
353	3153.6
353.25	3153.76
353.5	3153.93
353.75	3154.07
354	3154.26
354.25	3154.56
354.5	3154.8
354.75	3154.99
355	3155.25
355.25	3155.62
355.5	3155.92
355.75	3156.14
356	3156.46
356.25	3156.99
356.5	3157.54
356.75	3158.15
357	3158.88
357.25	3159.59
357.5	3160.01
357.75	3160.3
358	3160.71
358.25	3161.26
358.5	3161.74
358.75	3162.09
359	3162.55
359.25	3163.16
359.5	3163.62
359.75	3163.97
360	3164.6
360.25	3165.55
360.5	3166.26
360.75	3166.74
361	3167.49
361.25	3168.41
361.5	3169.15
361.75	3170.31
362	3171.16
362.25	3170.67
362.5	3170.07
362.75	3169.72
363	3170.13
363.25	3170.51
363.5	3170.22
363.75	3170.12
364	3171.08
364.25	3171.08
364.5	3170.67
364.75	3170.49
365	3171.36
365.25	3171.5
365.5	3171.03
365.75	3171.57
366	3172.95
366.25	3172.19
366.5	3171.41
366.75	3171.94
367	3173.04
367.25	3172.35
367.5	3171.97
367.75	3172.44
368	3173.06
368.25	3172.6
368.5	3172.39
368.75	3172.39
369	3172.77
369.25	3172.44
369.5	3171.94
369.75	3172.15
370	3172.85
370.25	3172.36
370.5	3171.81
370.75	3171.96
371	3172.83
371.25	3172.35
371.5	3171.81
371.75	3171.69
372	3172.85
372.25	3172.45
372.5	3172.02
372.75	3171.82
373	3172.28
373.25	3172.3
373.5	3172.02
373.75	3172.07
374	3172.8
374.25	3172.46
374.5	3172.17
374.75	3172.64
375	3173.04
375.25	3172.41
375.5	3172.03
375.75	3172.06
376	3172.29
376.25	3171.67
376.5	3171.3
376.75	3171.35
377	3172.11
377.25	3171.53
377.5	3171.26
377.75	3171.24
378	3171.27
378.25	3171.31
378.5	3171.24
378.75	3171.51
379	3172.2
379.25	3171.51
379.5	3171.25
379.75	3171.22
380	3171.31
380.25	3172.19
380.5	3172.27
380.75	3171.6
381	3171.55
381.25	3171.36
381.5	3171.26
381.75	3171.24
382	3171.25
382.25	3171.24
382.5	3171.22
382.75	3171.23
383	3171.39
383.25	3171.38
383.5	3171.27
383.75	3171.36
384	3172.15
384.25	3171.57
384.5	3171.28
384.75	3171.53
385	3172.2
385.25	3171.5
385.5	3171.27
385.75	3171.28
386	3171.72
386.25	3171.51
386.5	3171.28
386.75	3171.38
387	3171.62
387.25	3171.42
387.5	3171.28
387.75	3171.33
388	3171.51
388.25	3171.31
388.5	3171.24
388.75	3171.43
389	3171.72
389.25	3171.38
389.5	3171.26
389.75	3171.58
390	3171.77
390.25	3171.34
390.5	3171.25
390.75	3171.39
391	3171.46
391.25	3171.29
391.5	3171.25
391.75	3171.75
392	3171.64
392.25	3171.26
392.5	3171.21
392.75	3171.61
393	3171.61
393.25	3171.2
393.5	3171.13
393.75	3171.58
394	3171.55
394.25	3171.16
394.5	3171.28
394.75	3171.45
395	3171.26
395.25	3171.08
395.5	3171.05
395.75	3171.4
396	3171.3
396.25	3171.03
396.5	3171
396.75	3171.13
397	3171.13
397.25	3171
397.5	3170.93
397.75	3171.29
398	3171.21
398.25	3170.93
398.5	3170.89
398.75	3171.17
399	3171.18
399.25	3171.07
399.5	3170.89
399.75	3171.2
400	3171.03
400.25	3170.87
400.5	3170.83
400.75	3171.1
401	3171.01
401.25	3170.78
401.5	3170.75
401.75	3170.99
402	3170.95
402.25	3170.84
402.5	3170.88
402.75	3171
403	3170.93
403.25	3170.75
403.5	3170.76
403.75	3170.89
404	3170.91
404.25	3170.84
404.5	3170.81
404.75	3170.98
405	3171.05
405.25	3170.9
405.5	3170.81
405.75	3171.06
406	3171.02
406.25	3170.82
406.5	3170.71
406.75	3170.99
407	3170.85
407.25	3170.62
407.5	3170.52
407.75	3170.92
408	3170.68
408.25	3170.43
408.5	3170.3
408.75	3170.81
409	3170.44
409.25	3170.09
409.5	3169.78
409.75	3170.3
410	3170.1
410.25	3169.33
410.5	3168.63
410.75	3169.22
411	3169.7
411.25	3168.86
411.5	3168.28
411.75	3169.26
412	3169.86
412.25	3168.94
412.5	3168.32
412.75	3169.13
413	3169.49
413.25	3168.78
413.5	3168.67
413.75	3169.72
414	3169.61
414.25	3168.68
414.5	3168.14
414.75	3169.23
415	3169.63
415.25	3168.86
415.5	3168.32
415.75	3169.3
416	3169.43
416.25	3168.66
416.5	3168.19
416.75	3169.08
417	3169.28
417.25	3168.5
417.5	3168.08
417.75	3169.07
418	3168.94
418.25	3168.21
418.5	3168.02
418.75	3168.77
419	3168.4
419.25	3168.05
419.5	3168.02
419.75	3168.32
420	3168.08
420.25	3167.93
420.5	3167.92
420.75	3168.06
421	3167.96
421.25	3167.92
421.5	3167.84
421.75	3167.82
422	3167.7
422.25	3167.68
422.5	3167.66
422.75	3167.69
423	3167.94
423.25	3167.68
423.5	3167.62
423.75	3167.84
424	3167.77
424.25	3167.59
424.5	3167.55
424.75	3167.99
425	3167.89
425.25	3167.6
425.5	3167.54
425.75	3167.71
426	3167.67
426.25	3167.53
426.5	3167.52
426.75	3167.81
427	3167.92
427.25	3167.82
427.5	3167.77
427.75	3167.92
428	3167.74
428.25	3167.64
428.5	3167.57
428.75	3167.55
429	3167.53
429.25	3167.52
429.5	3167.51
429.75	3167.51
430	3167.51
430.25	3167.5
430.5	3167.5
430.75	3167.53
431	3167.61
431.25	3167.56
431.5	3167.53
431.75	3167.55
432	3167.61
432.25	3167.58
432.5	3167.55
432.75	3167.68
433	3167.88
433.25	3167.7
433.5	3167.59
433.75	3167.81
434	3168.1
434.25	3167.8
434.5	3167.62
434.75	3167.87
435	3168.08
435.25	3167.75
435.5	3167.58
435.75	3167.9
436	3168.03
436.25	3167.7
436.5	3167.56
436.75	3167.89
437	3167.86
437.25	3167.62
437.5	3167.54
437.75	3167.88
438	3167.79
438.25	3167.61
438.5	3167.54
438.75	3167.8
439	3167.72
439.25	3167.56
439.5	3167.52
439.75	3167.84
440	3167.77
440.25	3167.77
440.5	3167.61
440.75	3167.57
441	3167.54
441.25	3167.53
441.5	3167.52
441.75	3167.52
442	3167.52
442.25	3167.52
442.5	3167.51
442.75	3167.54
443	3167.71
443.25	3167.66
443.5	3167.59
443.75	3167.68
444	3168.01
444.25	3167.81
444.5	3167.64
444.75	3167.77
445	3168.05
445.25	3167.75
445.5	3167.6
445.75	3167.74
446	3167.88
446.25	3167.64
446.5	3167.55
446.75	3167.56
447	3167.54
447.25	3167.53
447.5	3167.52
447.75	3167.52
448	3167.58
448.25	3167.55
448.5	3167.52
448.75	3167.53
449	3167.55
449.25	3167.52
449.5	3167.51
449.75	3167.54
450	3167.59
450.25	3167.61
450.5	3167.67
450.75	3167.79
451	3167.93
451.25	3167.69
451.5	3167.58
451.75	3167.69
452	3167.68
452.25	3167.57
452.5	3167.52
452.75	3167.23
453	3166.02
453.25	3164.96
453.5	3164.03
453.75	3163.21
454	3162.47
454.25	3161.82
454.5	3161.21
454.75	3160.65
455	3160.1
455.25	3159.58
455.5	3159.09
455.75	3158.61
456	3158.14
456.25	3157.68
456.5	3157.25
456.75	3156.86
457	3156.52
457.25	3156.13
457.5	3155.79
457.75	3155.53
458	3155.33
458.25	3155.07
458.5	3154.75
458.75	3154.17
459	3153.31
459.25	3152.36
459.5	3151.4
459.75	3150.47
460	3149.33
460.25	3147.82
460.5	3146
460.75	3143.91
461	3141.14
461.25	3137
461.5	3134.51
461.75	3134.73
462	3134.72
462.25	3134.71
462.5	3134.6
462.75	3133.99
463	3133.21
463.25	3132.43
463.5	3131.4
463.75	3130.93
464	NaN
464.25	NaN
464.5	NaN
464.75	NaN
465	NaN
465.25	NaN
465.5	NaN
465.75	NaN
466	NaN
466.25	NaN
466.5	NaN
466.75	NaN
467	NaN
467.25	NaN
467.5	NaN
467.75	NaN
468	NaN
468.25	NaN
468.5	NaN
468.75	NaN
469	NaN
469.25	NaN
469.5	NaN
469.75	NaN
470	NaN
470.25	NaN
470.5	NaN
470.75	NaN
471	NaN
471.25	NaN
471.5	NaN
