376.50000	3171.07
376.75000	3171.37
377.00000	3172.13
377.25000	3171.59
377.50000	3171.29
377.75000	3171.26
378.00000	3171.30
378.25000	3171.34
378.50000	3171.26
378.75000	3171.49
379.00000	3172.21
379.25000	3171.54
379.50000	3171.25
379.75000	3171.22
380.00000	3171.30
380.25000	3172.14
380.50000	3172.28
380.75000	3171.61
381.00000	3171.54
381.25000	3171.36
381.50000	3171.25
381.75000	3171.23
382.00000	3171.23
382.25000	3171.22
382.50000	3171.21
382.75000	3171.22
383.00000	3171.37
383.25000	3171.38
383.50000	3171.26
383.75000	3171.33
384.00000	3172.14
384.25000	3171.58
384.50000	3171.27
384.75000	3171.48
385.00000	3172.21
385.25000	3171.50
385.50000	3171.26
385.75000	3171.27
386.00000	3171.69
386.25000	3171.51
386.50000	3171.27
386.75000	3171.36
387.00000	3171.61
387.25000	3171.42
387.50000	3171.27
387.75000	3171.31
388.00000	3171.50
388.25000	3171.30
388.50000	3171.23
388.75000	3171.40
389.00000	3171.70
389.25000	3171.37
389.50000	3171.24
389.75000	3171.53
390.00000	3171.78
390.25000	3171.33
390.50000	3171.24
390.75000	3171.37
391.00000	3171.44
391.25000	3171.28
391.50000	3171.23
391.75000	3171.71
392.00000	3171.64
392.25000	3171.25
392.50000	3171.20
392.75000	3171.58
393.00000	3171.61
393.25000	3171.20
393.50000	3171.12
393.75000	3171.56
394.00000	3171.55
394.25000	3171.16
394.50000	3171.27
394.75000	3171.45
395.00000	3171.26
395.25000	3171.07
395.50000	3171.04
395.75000	3171.37
396.00000	3171.32
396.25000	3171.03
396.50000	3171.00
396.75000	3171.12
397.00000	3171.13
397.25000	3171.00
397.50000	3170.92
397.75000	3171.27
398.00000	3171.22
398.25000	3170.92
398.50000	3170.89
398.75000	3171.15
399.00000	3171.18
399.25000	3171.06
399.50000	3170.89
399.75000	3171.18
400.00000	3171.03
400.25000	3170.86
400.50000	3170.83
400.75000	3171.08
401.00000	3171.03
401.25000	3170.77
401.50000	3170.75
401.75000	3170.98
402.00000	3170.95
402.25000	3170.82
402.50000	3170.87
402.75000	3171.00
403.00000	3170.93
403.25000	3170.75
403.50000	3170.75
403.75000	3170.88
404.00000	3170.90
404.25000	3170.84
404.50000	3170.80
404.75000	3170.96
405.00000	3171.04
405.25000	3170.91
405.50000	3170.80
405.75000	3171.04
406.00000	3171.01
406.25000	3170.81
406.50000	3170.70
406.75000	3170.98
407.00000	3170.85
407.25000	3170.62
407.50000	3170.50
407.75000	3170.90
408.00000	3170.68
408.25000	3170.42
408.50000	3170.29
408.75000	3170.78
409.00000	3170.46
409.25000	3170.09
409.50000	3169.78
409.75000	3170.28
410.00000	3170.11
410.25000	3169.36
410.50000	3168.64
410.75000	3169.15
411.00000	3169.72
411.25000	3168.88
411.50000	3168.28
411.75000	3169.18
412.00000	3169.87
412.25000	3168.96
412.50000	3168.32
412.75000	3169.07
413.00000	3169.50
413.25000	3168.79
413.50000	3168.66
413.75000	3169.67
414.00000	3169.62
414.25000	3168.70
414.50000	3168.14
414.75000	3169.17
415.00000	3169.64
415.25000	3168.87
415.50000	3168.31
415.75000	3169.24
416.00000	3169.45
416.25000	3168.67
416.50000	3168.19
416.75000	3169.02
417.00000	3169.30
417.25000	3168.52
417.50000	3168.07
417.75000	3169.02
418.00000	3168.96
418.25000	3168.23
418.50000	3168.00
418.75000	3168.74
419.00000	3168.42
419.25000	3168.04
419.50000	3168.01
419.75000	3168.31
420.00000	3168.08
420.25000	3167.93
420.50000	3167.94
420.54167	3167.99
420.58333	3167.99
420.62500	3168.00
420.66667	3168.03
420.70833	3168.11
420.75000	3168.18
420.79167	3168.11
420.83333	3168.03
420.87500	3167.93
420.91667	3167.89
420.95833	3167.88
421.00000	3167.87
421.04167	3167.87
421.08333	3167.90
421.12500	3167.99
421.16667	3167.95
421.20833	3167.90
421.25000	3167.86
421.29167	3167.84
421.33333	3167.82
421.37500	3167.82
421.41667	3167.82
421.45833	3167.83
421.50000	3167.84
421.54167	3167.84
421.58333	3167.82
421.62500	3167.84
421.66667	3167.81
421.70833	3167.80
421.75000	3167.76
421.79167	3167.73
421.83333	3167.70
421.87500	3167.68
421.91667	3167.66
421.95833	3167.67
422.00000	3167.67
422.04167	3167.68
422.08333	3167.67
422.12500	3167.67
422.16667	3167.67
422.20833	3167.67
422.25000	3167.65
422.29167	3167.65
422.33333	3167.66
422.37500	3167.65
422.41667	3167.66
422.45833	3167.66
422.50000	3167.68
422.54167	3167.67
422.58333	3167.67
422.62500	3167.70
422.66667	3167.69
422.70833	3167.68
422.75000	3167.69
422.79167	3167.90
422.83333	3168.08
422.87500	3168.08
422.91667	3167.94
422.95833	3167.84
423.00000	3167.77
423.04167	3167.74
423.08333	3167.69
423.12500	3167.66
423.16667	3167.64
423.20833	3167.64
423.25000	3167.61
423.29167	3167.62
423.33333	3167.61
423.37500	3167.61
423.41667	3167.60
423.45833	3167.60
423.50000	3167.63
423.54167	3167.70
423.58333	3167.77
423.62500	3167.85
423.66667	3167.92
423.70833	3167.90
423.75000	3167.89
423.79167	3167.90
423.83333	3167.85
423.87500	3167.77
423.91667	3167.72
423.95833	3167.67
424.00000	3167.64
424.04167	3167.62
424.08333	3167.59
424.12500	3167.57
424.16667	3167.57
424.20833	3167.56
424.25000	3167.55
424.29167	3167.54
424.33333	3167.57
424.37500	3167.54
424.41667	3167.54
424.45833	3167.53
424.50000	3167.54
424.54167	3167.64
424.58333	3167.81
424.62500	3167.96
424.66667	3168.08
424.70833	3168.18
424.75000	3168.19
424.79167	3168.14
424.83333	3168.03
424.87500	3167.90
424.91667	3167.81
424.95833	3167.73
425.00000	3167.68
425.04167	3167.66
425.08333	3167.62
425.12500	3167.60
425.16667	3167.57
425.20833	3167.56
425.25000	3167.54
425.29167	3167.54
425.33333	3167.53
425.37500	3167.52
425.41667	3167.51
425.45833	3167.51
425.50000	3167.55
425.54167	3167.64
425.58333	3167.68
425.62500	3167.69
425.66667	3167.72
425.70833	3167.73
425.75000	3167.72
425.79167	3167.72
425.83333	3167.74
425.87500	3167.71
425.91667	3167.65
425.95833	3167.59
426.00000	3167.58
426.04167	3167.55
426.08333	3167.53
426.12500	3167.52
426.16667	3167.51
426.20833	3167.51
426.25000	3167.51
426.29167	3167.50
426.33333	3167.49
426.37500	3167.50
426.41667	3167.51
426.45833	3167.51
426.50000	3167.54
426.54167	3167.63
426.58333	3167.74
426.62500	3167.81
426.66667	3167.91
426.70833	3167.90
426.75000	3167.86
426.79167	3168.15
426.83333	3168.08
426.87500	3167.95
426.91667	3167.81
426.95833	3167.75
427.00000	3167.71
427.04167	3167.73
427.08333	3167.73
427.12500	3167.82
427.16667	3167.89
427.20833	3167.89
427.25000	3167.81
427.29167	3167.75
427.33333	3167.72
427.37500	3167.70
427.41667	3167.76
427.45833	3167.77
427.50000	3167.83
427.54167	3167.92
427.58333	3167.95
427.62500	3167.91
427.66667	3167.91
427.70833	3167.89
427.75000	3167.89
427.79167	3167.83
427.83333	3167.76
427.87500	3167.72
427.91667	3167.70
427.95833	3167.68
428.00000	3167.66
428.04167	3167.66
428.08333	3167.64
428.12500	3167.63
428.16667	3167.63
428.20833	3167.61
428.25000	3167.60
428.29167	3167.59
428.33333	3167.57
428.37500	3167.56
428.41667	3167.55
428.45833	3167.55
428.50000	3167.55
428.54167	3167.55
428.58333	3167.54
428.62500	3167.54
428.66667	3167.53
428.70833	3167.52
428.75000	3167.51
428.79167	3167.52
428.83333	3167.51
428.87500	3167.51
428.91667	3167.52
428.95833	3167.52
429.00000	3167.51
429.04167	3167.51
429.08333	3167.51
429.12500	3167.51
429.16667	3167.50
429.20833	3167.51
429.25000	3167.51
429.29167	3167.51
429.33333	3167.51
429.37500	3167.50
429.41667	3167.50
429.45833	3167.50
429.50000	3167.50
429.54167	3167.50
429.58333	3167.49
429.62500	3167.50
429.66667	3167.50
429.70833	3167.49
429.75000	3167.50
429.79167	3167.50
429.83333	3167.50
429.87500	3167.50
429.91667	3167.50
429.95833	3167.49
430.00000	3167.49
430.04167	3167.50
430.08333	3167.50
430.12500	3167.49
430.16667	3167.50
430.20833	3167.50
430.25000	3167.49
430.29167	3167.49
430.33333	3167.49
430.37500	3167.50
430.41667	3167.49
430.45833	3167.49
430.50000	3167.48
430.54167	3167.49
430.58333	3167.49
430.62500	3167.50
430.66667	3167.50
430.70833	3167.53
430.75000	3167.56
430.79167	3167.59
430.83333	3167.61
430.87500	3167.61
430.91667	3167.60
430.95833	3167.59
431.00000	3167.57
431.04167	3167.58
431.08333	3167.55
431.12500	3167.55
431.16667	3167.54
431.20833	3167.53
431.25000	3167.54
431.29167	3167.52
431.33333	3167.52
431.37500	3167.53
431.41667	3167.52
431.45833	3167.51
431.50000	3167.52
431.54167	3167.51
431.58333	3167.51
431.62500	3167.52
431.66667	3167.53
431.70833	3167.54
431.75000	3167.55
431.79167	3167.56
431.83333	3167.59
431.87500	3167.59
431.91667	3167.61
431.95833	3167.61
432.00000	3167.59
432.04167	3167.59
432.08333	3167.58
432.12500	3167.57
432.16667	3167.56
432.20833	3167.56
432.25000	3167.55
432.29167	3167.54
432.33333	3167.54
432.37500	3167.53
432.41667	3167.54
432.45833	3167.53
432.50000	3167.53
432.54167	3167.53
432.58333	3167.54
432.62500	3167.58
432.66667	3167.70
432.70833	3167.79
432.75000	3167.85
432.79167	3167.87
432.83333	3167.89
432.87500	3167.89
432.91667	3167.88
432.95833	3167.85
433.00000	3167.81
433.04167	3167.77
433.08333	3167.73
433.12500	3167.69
433.16667	3167.66
433.20833	3167.64
433.25000	3167.62
433.29167	3167.61
433.33333	3167.60
433.37500	3167.58
433.41667	3167.57
433.45833	3167.55
433.50000	3167.56
433.54167	3167.55
433.58333	3167.59
433.62500	3167.65
433.66667	3167.82
433.70833	3168.02
433.75000	3168.17
433.79167	3168.18
433.83333	3168.16
433.87500	3168.13
433.91667	3168.07
433.95833	3168.02
434.00000	3167.95
434.04167	3167.92
434.08333	3167.85
434.12500	3167.80
434.16667	3167.75
434.20833	3167.71
434.25000	3167.69
434.29167	3167.66
434.33333	3167.64
434.37500	3167.62
434.41667	3167.60
434.45833	3167.58
434.50000	3167.58
434.54167	3167.58
434.58333	3167.61
434.62500	3167.72
434.66667	3167.90
434.70833	3168.11
434.75000	3168.23
434.79167	3168.21
434.83333	3168.16
434.87500	3168.10
434.91667	3168.04
434.95833	3167.98
435.00000	3167.91
435.04167	3167.85
435.08333	3167.79
435.12500	3167.75
435.16667	3167.70
435.20833	3167.67
435.25000	3167.64
435.29167	3167.64
435.33333	3167.60
435.37500	3167.58
435.41667	3167.57
435.45833	3167.56
435.50000	3167.55
435.54167	3167.57
435.58333	3167.63
435.62500	3167.75
435.66667	3167.99
435.70833	3168.19
435.75000	3168.24
435.79167	3168.19
435.83333	3168.13
435.87500	3168.06
435.91667	3167.99
435.95833	3167.92
436.00000	3167.86
436.04167	3167.80
436.08333	3167.73
436.12500	3167.69
436.16667	3167.66
436.20833	3167.64
436.25000	3167.61
436.29167	3167.59
436.33333	3167.57
436.37500	3167.55
436.41667	3167.54
436.45833	3167.53
436.50000	3167.53
436.54167	3167.59
436.58333	3167.68
436.62500	3167.87
436.66667	3168.04
436.70833	3168.07
436.75000	3168.05
436.79167	3167.99
436.83333	3167.94
436.87500	3167.87
436.91667	3167.81
436.95833	3167.75
437.00000	3167.70
437.04167	3167.69
437.08333	3167.64
437.12500	3167.62
437.16667	3167.60
437.20833	3167.57
437.25000	3167.57
437.29167	3167.55
437.33333	3167.53
437.37500	3167.53
437.41667	3167.53
437.45833	3167.53
437.50000	3167.54
437.54167	3167.62
437.58333	3167.76
437.62500	3167.90
437.66667	3167.99
437.70833	3168.01
437.75000	3167.97
437.79167	3167.91
437.83333	3167.85
437.87500	3167.78
437.91667	3167.74
437.95833	3167.70
438.00000	3167.68
438.04167	3167.67
438.08333	3167.62
438.12500	3167.60
438.16667	3167.59
438.20833	3167.57
438.25000	3167.55
438.29167	3167.54
438.33333	3167.53
438.37500	3167.52
438.41667	3167.52
438.45833	3167.51
438.50000	3167.54
438.54167	3167.63
438.58333	3167.75
438.62500	3167.82
438.66667	3167.84
438.70833	3167.84
438.75000	3167.83
438.79167	3167.81
438.83333	3167.78
438.87500	3167.73
438.91667	3167.69
438.95833	3167.66
439.00000	3167.63
439.04167	3167.60
439.08333	3167.57
439.12500	3167.57
439.16667	3167.54
439.20833	3167.53
439.25000	3167.52
439.29167	3167.52
439.33333	3167.51
439.37500	3167.51
439.41667	3167.51
439.45833	3167.51
439.50000	3167.55
439.54167	3167.65
439.58333	3167.78
439.62500	3167.89
439.66667	3167.94
439.70833	3167.89
439.75000	3167.83
439.79167	3167.77
439.83333	3167.72
439.87500	3167.71
439.91667	3167.75
439.95833	3167.78
440.00000	3167.77
440.04167	3167.77
440.08333	3167.80
440.12500	3167.80
440.16667	3167.76
440.20833	3167.72
440.25000	3167.68
440.29167	3167.64
440.33333	3167.61
440.37500	3167.60
440.41667	3167.58
440.45833	3167.58
440.50000	3167.57
440.54167	3167.57
440.58333	3167.57
440.62500	3167.56
440.66667	3167.55
440.70833	3167.55
440.75000	3167.55
440.79167	3167.55
440.83333	3167.55
440.87500	3167.53
440.91667	3167.52
440.95833	3167.52
441.00000	3167.52
441.04167	3167.54
441.08333	3167.51
441.12500	3167.52
441.16667	3167.52
441.20833	3167.52
441.25000	3167.51
441.29167	3167.51
441.33333	3167.51
441.37500	3167.51
441.41667	3167.51
441.45833	3167.51
441.50000	3167.51
441.54167	3167.51
441.58333	3167.51
441.62500	3167.50
441.66667	3167.51
441.70833	3167.51
441.75000	3167.51
441.79167	3167.51
441.83333	3167.50
441.87500	3167.51
441.91667	3167.50
441.95833	3167.51
442.00000	3167.50
442.04167	3167.51
442.08333	3167.51
442.12500	3167.51
442.16667	3167.51
442.20833	3167.51
442.25000	3167.50
442.29167	3167.51
442.33333	3167.51
442.37500	3167.50
442.41667	3167.50
442.45833	3167.50
442.50000	3167.50
442.54167	3167.50
442.58333	3167.49
442.62500	3167.50
442.66667	3167.50
442.70833	3167.53
442.75000	3167.58
442.79167	3167.64
442.83333	3167.68
442.87500	3167.71
442.91667	3167.71
442.95833	3167.70
443.00000	3167.69
443.04167	3167.69
443.08333	3167.66
443.12500	3167.64
443.16667	3167.64
443.20833	3167.62
443.25000	3167.62
443.29167	3167.61
443.33333	3167.59
443.37500	3167.57
443.41667	3167.57
443.45833	3167.56
443.50000	3167.55
443.54167	3167.55
443.58333	3167.56
443.62500	3167.58
443.66667	3167.65
443.70833	3167.75
443.75000	3167.86
443.79167	3167.98
443.83333	3168.04
443.87500	3168.04
443.91667	3168.01
443.95833	3167.99
444.00000	3167.94
444.04167	3167.90
444.08333	3167.86
444.12500	3167.81
444.16667	3167.77
444.20833	3167.74
444.25000	3167.70
444.29167	3167.69
444.33333	3167.65
444.37500	3167.63
444.41667	3167.62
444.45833	3167.59
444.50000	3167.58
444.54167	3167.59
444.58333	3167.61
444.62500	3167.65
444.66667	3167.75
444.70833	3167.89
444.75000	3168.04
444.79167	3168.11
444.83333	3168.12
444.87500	3168.07
444.91667	3168.02
444.95833	3167.96
445.00000	3167.90
445.04167	3167.84
445.08333	3167.78
445.12500	3167.74
445.16667	3167.70
445.20833	3167.67
445.25000	3167.64
445.29167	3167.62
445.33333	3167.60
445.37500	3167.58
445.41667	3167.57
445.45833	3167.56
445.50000	3167.55
445.54167	3167.56
445.58333	3167.59
445.62500	3167.64
445.66667	3167.74
445.70833	3167.87
445.75000	3167.96
445.79167	3167.97
445.83333	3167.93
445.87500	3167.89
445.91667	3167.84
445.95833	3167.77
446.00000	3167.74
446.04167	3167.70
446.08333	3167.66
446.12500	3167.62
446.16667	3167.61
446.20833	3167.59
446.25000	3167.56
446.29167	3167.57
446.33333	3167.55
446.37500	3167.53
446.41667	3167.53
446.45833	3167.52
446.50000	3167.53
446.54167	3167.53
446.58333	3167.53
446.62500	3167.54
446.66667	3167.54
446.70833	3167.54
446.75000	3167.54
446.79167	3167.54
446.83333	3167.53
446.87500	3167.53
446.91667	3167.52
446.95833	3167.52
447.00000	3167.52
447.04167	3167.52
447.08333	3167.51
447.12500	3167.51
447.16667	3167.50
447.20833	3167.51
447.25000	3167.50
447.29167	3167.51
447.33333	3167.50
447.37500	3167.50
447.41667	3167.50
447.45833	3167.50
447.50000	3167.49
447.54167	3167.50
447.58333	3167.50
447.62500	3167.50
447.66667	3167.50
447.70833	3167.50
447.75000	3167.51
447.79167	3167.53
447.83333	3167.56
447.87500	3167.57
447.91667	3167.57
447.95833	3167.56
448.00000	3167.56
448.04167	3167.55
448.08333	3167.54
448.12500	3167.53
448.16667	3167.52
448.20833	3167.52
448.25000	3167.51
448.29167	3167.51
448.33333	3167.51
448.37500	3167.50
448.41667	3167.50
448.45833	3167.51
448.50000	3167.50
448.54167	3167.50
448.58333	3167.50
448.62500	3167.50
448.66667	3167.51
448.70833	3167.52
448.75000	3167.54
448.79167	3167.55
448.83333	3167.54
448.87500	3167.54
448.91667	3167.53
448.95833	3167.52
449.00000	3167.52
449.04167	3167.52
449.08333	3167.51
449.12500	3167.50
449.16667	3167.49
449.20833	3167.50
449.25000	3167.49
449.29167	3167.52
449.33333	3167.50
449.37500	3167.50
449.41667	3167.49
449.45833	3167.49
449.50000	3167.49
449.54167	3167.48
449.58333	3167.49
449.62500	3167.51
449.66667	3167.54
449.70833	3167.55
449.75000	3167.56
449.79167	3167.56
449.83333	3167.57
449.87500	3167.57
449.91667	3167.58
449.95833	3167.56
450.00000	3167.57
450.04167	3167.57
450.08333	3167.57
450.12500	3167.58
450.16667	3167.60
450.20833	3167.63
450.25000	3167.64
450.29167	3167.66
450.33333	3167.66
450.37500	3167.66
450.41667	3167.64
450.45833	3167.64
450.50000	3167.63
450.54167	3167.63
450.58333	3167.65
450.62500	3167.69
450.66667	3167.78
450.70833	3167.90
450.75000	3167.99
450.79167	3168.04
450.83333	3167.99
450.87500	3167.94
450.91667	3167.88
450.95833	3167.82
451.00000	3167.77
451.04167	3167.75
451.08333	3167.71
451.12500	3167.68
451.16667	3167.65
451.20833	3167.63
451.25000	3167.61
451.29167	3167.59
451.33333	3167.58
451.37500	3167.56
451.41667	3167.55
451.45833	3167.54
451.50000	3167.54
451.54167	3167.55
451.58333	3167.58
451.62500	3167.63
451.66667	3167.69
451.70833	3167.77
451.75000	3167.78
451.79167	3167.73
451.83333	3167.68
451.87500	3167.66
451.91667	3167.64
451.95833	3167.62
452.00000	3167.60
452.04167	3167.59
452.08333	3167.57
452.12500	3167.55
452.16667	3167.53
452.20833	3167.52
452.25000	3167.51
452.29167	3167.52
452.33333	3167.51
452.37500	3167.50
452.41667	3167.49
452.45833	3167.50
452.50000	3167.51
452.54167	3167.51
452.58333	3167.50
452.62500	3167.40
452.66667	3167.16
452.70833	3166.93
452.75000	3166.72
452.79167	3166.50
452.83333	3166.29
452.87500	3166.09
452.91667	3165.89
452.95833	3165.69
453.00000	3165.51
453.04167	3165.34
453.08333	3165.17
453.12500	3164.99
453.16667	3164.83
453.20833	3164.66
453.25000	3164.50
453.29167	3164.34
453.33333	3164.21
453.37500	3164.05
453.41667	3163.92
453.45833	3163.75
453.50000	3163.64
453.54167	3163.50
453.58333	3163.36
453.62500	3163.22
453.66667	3163.09
453.70833	3162.97
453.75000	3162.84
453.79167	3162.71
453.83333	3162.60
453.87500	3162.48
453.91667	3162.37
453.95833	3162.25
454.00000	3162.14
454.04167	3162.04
454.08333	3161.93
454.12500	3161.82
454.16667	3161.72
454.20833	3161.62
454.25000	3161.52
454.29167	3161.41
454.33333	3161.32
454.37500	3161.21
454.41667	3161.13
454.45833	3161.04
454.50000	3160.95
454.54167	3160.86
454.58333	3160.76
454.62500	3160.68
454.66667	3160.58
454.70833	3160.48
454.75000	3160.39
454.79167	3160.30
454.83333	3160.20
454.87500	3160.11
454.91667	3160.03
454.95833	3159.94
455.00000	3159.86
455.04167	3159.78
455.08333	3159.68
455.12500	3159.59
455.16667	3159.51
455.20833	3159.43
455.25000	3159.35
455.29167	3159.26
455.33333	3159.18
455.37500	3159.10
455.41667	3159.02
455.45833	3158.94
455.50000	3158.86
455.54167	3158.78
455.58333	3158.70
455.62500	3158.61
455.66667	3158.53
455.70833	3158.45
455.75000	3158.37
455.79167	3158.30
455.83333	3158.23
455.87500	3158.15
455.91667	3158.06
455.95833	3158.00
456.00000	3157.92
456.04167	3157.84
456.08333	3157.76
456.12500	3157.70
456.16667	3157.62
456.20833	3157.54
456.25000	3157.48
456.29167	3157.41
456.33333	3157.34
456.37500	3157.25
456.41667	3157.19
456.45833	3157.12
456.50000	3157.05
456.54167	3157.00
456.58333	3156.94
456.62500	3156.87
456.66667	3156.82
456.70833	3156.76
456.75000	3156.70
456.79167	3156.65
456.83333	3156.59
456.87500	3156.56
456.91667	3156.49
456.95833	3156.42
457.00000	3156.35
457.04167	3156.30
457.08333	3156.22
457.12500	3156.15
457.16667	3156.09
457.20833	3156.03
457.25000	3155.98
457.29167	3155.92
457.33333	3155.86
457.37500	3155.82
457.41667	3155.77
457.45833	3155.72
457.50000	3155.68
457.54167	3155.63
457.58333	3155.60
457.62500	3155.55
457.66667	3155.53
457.70833	3155.48
457.75000	3155.46
457.79167	3155.43
457.83333	3155.41
457.87500	3155.36
457.91667	3155.33
457.95833	3155.29
458.00000	3155.24
458.04167	3155.19
458.08333	3155.15
458.12500	3155.10
458.16667	3155.06
458.20833	3155.01
458.25000	3154.95
458.29167	3154.90
458.33333	3154.84
458.37500	3154.78
458.41667	3154.71
458.45833	3154.66
458.50000	3154.60
458.54167	3154.51
458.58333	3154.37
458.62500	3154.23
458.66667	3154.10
458.70833	3153.96
458.75000	3153.82
458.79167	3153.68
458.83333	3153.54
458.87500	3153.39
458.91667	3153.24
458.95833	3153.08
459.00000	3152.92
459.04167	3152.76
459.08333	3152.59
459.12500	3152.43
459.16667	3152.27
459.20833	3152.12
459.25000	3151.97
459.29167	3151.80
459.33333	3151.65
459.37500	3151.48
459.41667	3151.32
459.45833	3151.15
459.50000	3150.99
459.54167	3150.82
459.58333	3150.66
459.62500	3150.49
459.66667	3150.47
459.70833	3150.29
459.75000	3150.09
459.79167	3149.89
459.83333	3149.68
459.87500	3149.46
459.91667	3149.24
459.95833	3149.00
460.00000	3148.76
460.04167	3148.50
460.08333	3148.24
460.12500	3147.98
460.16667	3147.71
460.20833	3147.42
460.25000	3147.14
460.29167	3146.85
460.33333	3146.54
460.37500	3146.24
460.41667	3145.90
460.45833	3145.56
460.50000	3145.20
460.54167	3144.85
460.58333	3144.57
460.62500	3144.25
460.66667	3143.85
460.70833	3143.47
460.75000	3143.05
460.79167	3142.67
460.83333	3142.23
460.87500	3141.77
460.91667	3141.23
460.95833	3140.65
461.00000	3139.99
461.04167	3139.28
461.08333	3138.55
461.12500	3137.80
461.16667	3137.37
461.20833	3136.74
461.25000	3136.16
461.29167	3135.65
461.33333	3135.21
461.37500	3134.98
461.41667	3134.90
461.45833	3134.88
461.50000	3134.98
461.54167	3135.11
461.58333	3135.10
461.62500	3135.11
461.66667	3135.10
461.70833	3135.09
461.75000	3135.09
461.79167	3135.05
461.83333	3135.02
461.87500	3135.01
461.91667	3135.00
461.95833	3134.99
462.00000	3134.98
462.04167	3134.98
462.08333	3134.98
462.12500	3134.96
462.16667	3134.95
462.20833	3134.96
462.25000	3134.94
462.29167	3134.93
462.33333	3134.93
462.37500	3134.93
462.41667	3134.92
462.45833	3134.86
462.50000	3134.76
462.54167	3134.65
462.58333	3134.56
462.62500	3134.44
462.66667	3134.33
462.70833	3134.20
462.75000	3134.11
462.79167	3133.99
462.83333	3133.85
462.87500	3133.75
462.91667	3133.63
462.95833	3133.51
463.00000	3133.45
463.04167	3133.34
463.08333	3133.24
463.12500	3133.13
463.16667	3133.00
463.20833	3132.88
463.25000	3132.84
463.29167	3132.76
463.33333	3132.47
463.37500	3132.33
463.41667	3132.10
463.45833	3131.88
463.50000	3131.79
463.54167	3131.63
463.58333	3131.61
463.62500	3131.58
463.66667	3131.44
463.70833	3131.31
463.75000	3131.17
463.79167	3131.05
463.83333	3130.90
463.87500	3130.85
463.91667	3130.72
463.95833	3130.54
464.00000	3130.28
464.04167	3130.08
464.08333	3129.99
464.12500	3129.97
464.16667	3129.94
464.20833	3129.88
464.25000	3129.79
464.29167	3129.73
464.33333	3129.69
464.37500	3129.67
464.41667	3129.62
464.45833	3129.60
464.50000	3129.60
464.54167	3129.60
464.58333	3129.58
464.62500	3129.56
464.66667	3129.58
464.70833	3129.58
464.75000	3129.57
464.79167	3129.57
464.83333	3129.56
464.87500	3129.56
464.91667	3129.55
464.95833	3129.54
465.00000	3129.55
465.04167	3129.54
465.08333	3129.53
465.12500	3129.54
465.16667	3129.54
465.20833	3129.55
465.25000	3129.55
465.29167	3129.54
465.33333	3129.52
465.37500	3129.51
465.41667	3129.51
465.45833	3129.50
465.50000	3129.50
465.54167	3129.52
465.58333	3129.51
465.62500	3129.51
465.66667	3129.50
465.70833	3129.47
465.75000	3129.42
465.79167	3129.40
465.83333	3129.42
465.87500	3129.43
465.91667	3129.39
465.95833	3129.36
466.00000	3129.30
466.04167	3129.24
466.08333	3129.19
466.12500	3129.21
466.16667	3129.26
466.20833	3129.29
466.25000	3129.26
466.29167	3129.16
466.33333	3129.09
466.37500	3129.10
466.41667	3129.07
466.45833	3128.96
466.50000	3128.93
466.54167	3128.97
466.58333	3128.96
466.62500	3128.99
466.66667	3128.97
466.70833	3128.93
466.75000	3128.86
466.79167	3128.86
466.83333	3128.77
466.87500	3128.84
466.91667	3128.86
466.95833	3128.86
467.00000	3128.84
467.04167	3128.85
467.08333	3128.86
467.12500	3128.81
467.16667	3128.80
467.20833	3128.81
467.25000	3128.84
467.29167	3128.79
467.33333	3128.78
467.37500	3128.77
467.41667	3128.80
467.45833	3128.76
467.50000	3128.78
467.54167	3128.77
467.58333	3128.78
467.62500	3128.78
467.66667	3128.77
467.70833	3128.68
467.75000	3128.59
467.79167	3128.52
467.83333	3128.50
467.87500	3128.47
467.91667	3128.43
467.95833	3128.44
468.00000	3128.41
468.04167	3128.37
468.08333	3128.40
468.12500	3128.38
468.16667	3128.41
468.20833	3128.40
468.25000	3128.39
468.29167	3128.29
468.33333	3128.26
468.37500	3128.20
468.41667	3128.22
468.45833	3128.20
468.50000	3128.17
468.54167	3128.15
468.58333	3128.13
468.62500	3128.14
468.66667	3128.18
468.70833	3128.19
468.75000	3128.20
468.79167	3128.16
468.83333	3128.10
468.87500	3128.03
468.91667	3128.05
468.95833	3128.08
469.00000	3128.08
469.04167	3128.02
469.08333	3127.92
469.12500	3127.82
469.16667	3127.79
469.20833	3127.81
469.25000	3127.82
469.29167	3127.83
469.33333	3127.83
469.37500	3127.85
469.41667	3127.85
469.45833	3127.83
469.50000	3127.84
469.54167	3127.85
469.58333	3127.82
469.62500	3127.98
469.66667	3127.87
469.70833	3128.03
469.75000	3127.93
469.79167	3128.01
469.83333	3127.88
469.87500	3128.69
469.91667	3128.15
469.95833	3129.07
470.00000	3128.73
470.04167	3129.63
470.08333	3129.92
470.12500	3129.44
470.16667	3132.08
470.20833	3132.39
470.25000	3130.38
470.29167	3128.91
470.33333	3130.63
470.37500	3130.60
470.41667	3130.09
470.45833	3129.14
470.50000	3128.47
470.54167	3127.79
470.58333	3127.43
470.62500	3127.30
470.66667	3127.23
470.70833	3127.20
470.75000	3127.16
470.79167	3127.14
470.83333	3127.15
470.87500	3127.15
470.91667	3127.12
470.95833	3127.20
471.00000	3127.16
471.04167	3127.19
471.08333	3127.16
471.12500	3127.15
471.16667	3127.13
471.20833	3127.13
471.25000	3126.96
471.29167	3126.84
471.33333	3126.76
471.37500	3126.74
471.41667	3126.73
471.45833	3126.74
471.50000	3126.77
471.54167	3126.79
471.58333	3126.78
471.62500	3126.82
471.66667	3126.83
471.70833	3126.86
471.75000	3126.88
471.79167	3126.89
471.83333	3126.90
471.87500	3126.90
471.91667	3126.91
471.95833	3126.93
472.00000	3126.92
472.04167	3126.94
472.08333	3126.93
472.12500	3126.94
472.16667	3126.94
472.20833	3126.94
472.25000	3126.95
472.29167	3126.95
472.33333	3126.96
472.37500	3126.96
472.41667	3126.96
472.45833	3126.96
472.50000	3126.97
472.54167	3126.97
472.58333	3126.98
472.62500	3126.97
472.66667	3126.98
472.70833	3126.97
472.75000	3126.98
472.79167	3126.98
472.83333	3126.99
472.87500	3126.99
472.91667	3126.99
472.95833	3127.00
473.00000	3126.99
473.04167	3127.00
473.08333	3127.00
473.12500	3127.01
473.16667	3127.01
473.20833	3127.01
473.25000	3127.01
473.29167	3127.02
473.33333	3127.03
473.37500	3127.02
473.41667	3127.03
473.45833	3127.03
473.50000	3127.03
473.54167	3127.03
473.58333	3127.04
473.62500	3127.03
473.66667	3127.04
473.70833	3127.04
473.75000	3127.04
473.79167	3127.05
473.83333	3127.05
473.87500	3127.05
473.91667	3127.05
473.95833	3127.05
474.00000	3127.06
474.04167	3127.06
474.08333	3127.06
474.12500	3127.06
474.16667	3127.07
474.20833	3127.07
474.25000	3127.07
474.29167	3127.06
474.33333	3127.07
474.37500	3127.07
474.41667	3127.08
474.45833	3127.07
474.50000	3127.07
474.54167	3127.08
474.58333	3127.08
474.62500	3127.08
474.66667	3127.09
474.70833	3127.09
474.75000	3127.09
474.79167	3127.09
474.83333	3127.09
474.87500	3127.09
474.91667	3127.10
474.95833	3127.10
475.00000	3127.10
475.04167	3127.10
475.08333	3127.10
475.12500	3127.11
475.16667	3127.11
475.20833	3127.11
475.25000	3127.11
475.29167	3127.11
475.33333	3127.11
475.37500	3127.12
475.41667	3127.12
475.45833	3127.12
475.50000	3127.12
475.54167	3127.12
475.58333	3127.13
475.62500	3127.13
475.66667	3127.13
475.70833	3127.13
475.75000	3127.14
475.79167	3127.15
475.83333	3127.14
475.87500	3127.14
475.91667	3127.15
475.95833	3127.14
476.00000	3127.15
476.04167	3127.15
476.08333	3127.14
476.12500	3127.15
476.16667	3127.15
476.20833	3127.15
476.25000	3127.17
476.29167	3127.16
476.33333	3127.16
476.37500	3127.16
476.41667	3127.17
476.45833	3127.17
476.50000	3127.17
476.54167	3127.18
476.58333	3127.17
476.62500	3127.17
476.66667	3127.18
476.70833	3127.18
476.75000	3127.17
476.79167	3127.18
476.83333	3127.18
476.87500	3127.18
476.91667	3127.18
476.95833	3127.19
477.00000	3127.19
477.04167	3127.20
477.08333	3127.19
477.12500	3127.19
477.16667	3127.20
477.20833	3127.20
477.25000	3127.19
477.29167	3127.20
477.33333	3127.20
477.37500	3127.20
477.41667	3127.20
477.45833	3127.20
477.50000	3127.21
477.54167	3127.21
477.58333	3127.21
477.62500	3127.21
477.66667	3127.21
477.70833	3127.22
477.75000	3127.22
477.79167	3127.21
477.83333	3127.22
477.87500	3127.22
477.91667	3127.23
477.95833	3127.23
478.00000	3127.22
478.04167	3127.23
478.08333	3127.23
478.12500	3127.22
478.16667	3127.23
478.20833	3127.23
478.25000	3127.24
478.29167	3127.24
478.33333	3127.24
478.37500	3127.24
478.41667	3127.24
478.45833	3127.25
478.50000	3127.24
478.54167	3127.24
478.58333	3127.25
478.62500	3127.25
478.66667	3127.25
478.70833	3127.25
478.75000	3127.25
478.79167	3127.25
478.83333	3127.26
478.87500	3127.26
478.91667	3127.26
478.95833	3127.27
479.00000	3127.27
479.04167	3127.27
479.08333	3127.27
479.12500	3127.27
479.16667	3127.28
479.20833	3127.28
479.25000	3127.28
479.29167	3127.28
479.33333	3127.29
479.37500	3127.29
479.41667	3127.30
479.45833	3127.29
479.50000	3127.30
479.54167	3127.30
479.58333	3127.31
479.62500	3127.32
479.66667	3127.32
479.70833	3127.32
479.75000	3127.34
479.79167	3127.34
479.83333	3127.35
479.87500	3127.35
479.91667	3127.36
479.95833	3127.37
480.00000	3127.37
480.04167	3127.39
480.08333	3127.39
480.12500	3127.40
480.16667	3127.41
480.20833	3127.41
480.25000	3127.43
480.29167	3127.43
480.33333	3127.44
480.37500	3127.44
480.41667	3127.45
480.45833	3127.46
480.50000	3127.46
480.54167	3127.47
480.58333	3127.47
480.62500	3127.48
480.66667	3127.49
480.70833	3127.50
480.75000	3127.51
480.79167	3127.52
480.83333	3127.53
480.87500	3127.54
480.91667	3127.55
480.95833	3127.55
481.00000	3127.56
481.04167	3127.58
481.08333	3127.59
481.12500	3127.60
481.16667	3127.61
481.20833	3127.63
481.25000	3127.63
481.29167	3127.65
481.33333	3127.66
481.37500	3127.67
481.41667	3127.69
481.45833	3127.71
481.50000	3127.72
481.54167	3127.75
481.58333	3127.78
481.62500	3127.81
481.66667	3127.83
481.70833	3127.84
481.75000	3127.88
481.79167	3127.89
481.83333	3127.91
481.87500	3127.95
481.91667	3128.05
481.95833	3128.17
482.00000	3128.31
482.04167	3128.45
482.08333	3128.60
482.12500	3128.74
482.16667	3128.87
482.20833	3128.98
482.25000	3129.06
482.29167	3129.11
482.33333	3129.16
482.37500	3129.20
482.41667	3129.24
482.45833	3129.28
482.50000	3129.30
482.54167	3129.35
482.58333	3129.37
482.62500	3129.40
482.66667	3129.43
482.70833	3129.45
482.75000	3129.48
482.79167	3129.51
482.83333	3129.54
482.87500	3129.57
482.91667	3129.62
482.95833	3129.66
483.00000	3129.72
483.04167	3129.78
483.08333	3129.83
483.12500	3129.88
483.16667	3129.93
483.20833	3129.98
483.25000	3130.03
483.29167	3130.07
483.33333	3130.12
483.37500	3130.16
483.41667	3130.21
483.45833	3130.26
483.50000	3130.29
483.54167	3130.31
483.58333	3130.34
483.62500	3130.37
483.66667	3130.40
483.70833	3130.45
483.75000	3130.49
483.79167	3130.51
483.83333	3130.54
483.87500	3130.57
483.91667	3130.63
483.95833	3130.68
484.00000	3130.73
484.04167	3130.77
484.08333	3130.80
484.12500	3130.85
484.16667	3130.89
484.20833	3130.93
484.25000	3130.96
484.29167	3131.01
484.33333	3131.03
484.37500	3131.07
484.41667	3131.10
484.45833	3131.14
484.50000	3131.17
484.54167	3131.21
484.58333	3131.23
484.62500	3131.26
484.66667	3131.27
484.70833	3131.30
484.75000	3131.32
484.79167	3131.34
484.83333	3131.34
484.87500	3131.36
484.91667	3131.37
484.95833	3131.38
485.00000	3131.39
485.04167	3131.41
485.08333	3131.42
485.12500	3131.42
485.16667	3131.44
485.20833	3131.45
485.25000	3131.45
485.29167	3131.46
485.33333	3131.46
485.37500	3131.46
485.41667	3131.45
485.45833	3131.46
485.50000	3131.46
485.54167	3131.47
485.58333	3131.48
485.62500	3131.49
485.66667	3131.49
485.70833	3131.49
485.75000	3131.50
485.79167	3131.50
485.83333	3131.50
485.87500	3131.51
485.91667	3131.53
485.95833	3131.53
486.00000	3131.53
486.04167	3131.55
486.08333	3131.55
486.12500	3131.56
486.16667	3131.56
486.20833	3131.57
486.25000	3131.56
486.29167	3131.55
486.33333	3131.56
486.37500	3131.55
486.41667	3131.54
486.45833	3131.54
486.50000	3131.54
486.54167	3131.54
486.58333	3131.53
486.62500	3131.54
486.66667	3131.53
486.70833	3131.54
486.75000	3131.54
486.79167	3131.54
486.83333	3131.54
486.87500	3131.55
486.91667	3131.54
486.95833	3131.55
487.00000	3131.56
487.04167	3131.56
487.08333	3131.55
487.12500	3131.56
487.16667	3131.56
487.20833	3131.57
487.25000	3131.57
487.29167	3131.58
487.33333	3131.58
487.37500	3131.59
487.41667	3131.58
487.45833	3131.58
487.50000	3131.58
487.54167	3131.59
487.58333	3131.59
487.62500	3131.60
487.66667	3131.60
487.70833	3131.61
487.75000	3131.61
487.79167	3131.61
487.83333	3131.61
487.87500	3131.61
487.91667	3131.61
487.95833	3131.62
488.00000	3131.61
488.04167	3131.62
488.08333	3131.63
488.12500	3131.62
488.16667	3131.63
488.20833	3131.64
488.25000	3131.65
488.29167	3131.64
488.33333	3131.64
488.37500	3131.64
488.41667	3131.64
488.45833	3131.65
488.50000	3131.64
488.54167	3131.65
488.58333	3131.66
488.62500	3131.66
488.66667	3131.66
488.70833	3131.67
488.75000	3131.67
488.79167	3131.68
488.83333	3131.67
488.87500	3131.68
488.91667	3131.68
488.95833	3131.69
489.00000	3131.69
489.04167	3131.70
489.08333	3131.70
489.12500	3131.71
489.16667	3131.71
489.20833	3131.72
489.25000	3131.72
489.29167	3131.72
489.33333	3131.72
489.37500	3131.72
489.41667	3131.72
489.45833	3131.72
489.50000	3131.72
489.54167	3131.72
489.58333	3131.73
489.62500	3131.73
489.66667	3131.73
489.70833	3131.74
489.75000	3131.74
489.79167	3131.74
489.83333	3131.74
489.87500	3131.74
489.91667	3131.74
489.95833	3131.74
490.00000	3131.74
490.04167	3131.73
490.08333	3131.74
490.12500	3131.73
490.16667	3131.74
490.20833	3131.74
490.25000	3131.73
490.29167	3131.73
490.33333	3131.72
490.37500	3131.72
490.41667	3131.72
490.45833	3131.71
490.50000	3131.71
490.54167	3131.71
490.58333	3131.71
490.62500	3131.70
490.66667	3131.70
490.70833	3131.71
490.75000	3131.70
490.79167	3131.69
490.83333	3131.71
490.87500	3131.70
490.91667	3131.70
490.95833	3131.70
491.00000	3131.70
491.04167	3131.70
491.08333	3131.69
491.12500	3131.70
491.16667	3131.70
491.20833	3131.71
491.25000	3131.71
491.29167	3131.72
491.33333	3131.72
491.37500	3131.71
491.41667	3131.71
491.45833	3131.71
491.50000	3131.71
491.54167	3131.72
491.58333	3131.72
491.62500	3131.72
491.66667	3131.72
491.70833	3131.71
491.75000	3131.72
491.79167	3131.71
491.83333	3131.72
491.87500	3131.71
491.91667	3131.72
491.95833	3131.71
492.00000	3131.72
492.04167	3131.71
492.08333	3131.72
492.12500	3131.71
492.16667	3131.71
492.20833	3131.72
492.25000	3131.72
492.29167	3131.73
492.33333	3131.73
492.37500	3131.74
492.41667	3131.74
492.45833	3131.74
492.50000	3131.73
492.54167	3131.73
492.58333	3131.74
492.62500	3131.75
492.66667	3131.75
492.70833	3131.75
492.75000	3131.75
492.79167	3131.75
492.83333	3131.75
492.87500	3131.75
492.91667	3131.75
492.95833	3131.75
493.00000	3131.76
493.04167	3131.75
493.08333	3131.75
493.12500	3131.76
493.16667	3131.76
493.20833	3131.77
493.25000	3131.77
493.29167	3131.76
493.33333	3131.76
493.37500	3131.76
493.41667	3131.76
493.45833	3131.77
493.50000	3131.76
493.54167	3131.77
493.58333	3131.78
493.62500	3131.78
493.66667	3131.79
493.70833	3131.81
493.75000	3131.80
493.79167	3131.80
493.83333	3131.80
493.87500	3131.79
493.91667	3131.80
493.95833	3131.80
494.00000	3131.80
494.04167	3131.80
494.08333	3131.80
494.12500	3131.80
494.16667	3131.79
494.20833	3131.80
494.25000	3131.79
494.29167	3131.80
494.33333	3131.80
494.37500	3131.79
494.41667	3131.78
494.45833	3131.78
494.50000	3131.77
494.54167	3131.78
494.58333	3131.77
494.62500	3131.78
494.66667	3131.77
494.70833	3131.77
494.75000	3131.77
494.79167	3131.77
494.83333	3131.76
494.87500	3131.76
494.91667	3131.77
494.95833	3131.76
495.00000	3131.77
495.04167	3131.77
495.08333	3131.79
495.12500	3131.78
495.16667	3131.78
495.20833	3131.79
495.25000	3131.78
495.29167	3131.79
495.33333	3131.78
495.37500	3131.78
495.41667	3131.78
495.45833	3131.78
495.50000	3131.77
495.54167	3131.78
495.58333	3131.78
495.62500	3131.78
495.66667	3131.78
495.70833	3131.78
495.75000	3131.78
495.79167	3131.79
495.83333	3131.77
495.87500	3131.77
495.91667	3131.76
495.95833	3131.77
496.00000	3131.78
496.04167	3131.77
496.08333	3131.77
496.12500	3131.77
496.16667	3131.77
496.20833	3131.77
496.25000	3131.77
496.29167	3131.77
496.33333	3131.77
496.37500	3131.77
496.41667	3131.76
496.45833	3131.77
496.50000	3131.76
496.54167	3131.76
496.58333	3131.77
496.62500	3131.78
496.66667	3131.77
496.70833	3131.77
496.75000	3131.77
496.79167	3131.77
496.83333	3131.78
496.87500	3131.78
496.91667	3131.77
496.95833	3131.78
497.00000	3131.79
497.04167	3131.79
497.08333	3131.79
497.12500	3131.81
497.16667	3131.81
497.20833	3131.81
497.25000	3131.81
497.29167	3131.82
497.33333	3131.82
497.37500	3131.82
497.41667	3131.82
497.45833	3131.82
497.50000	3131.82
497.54167	3131.83
497.58333	3131.84
497.62500	3131.84
497.66667	3131.84
497.70833	3131.83
497.75000	3131.84
497.79167	3131.84
497.83333	3131.84
497.87500	3131.84
497.91667	3131.84
497.95833	3131.84
498.00000	3131.84
498.04167	3131.84
498.08333	3131.84
498.12500	3131.84
498.16667	3131.84
498.20833	3131.84
498.25000	3131.85
498.29167	3131.84
498.33333	3131.85
498.37500	3131.85
498.41667	3131.85
498.45833	3131.85
498.50000	3131.84
498.54167	3131.84
498.58333	3131.86
498.62500	3131.85
498.66667	3131.85
498.70833	3131.86
498.75000	3131.86
498.79167	3131.87
498.83333	3131.87
498.87500	3131.87
498.91667	3131.87
498.95833	3131.87
499.00000	3131.86
499.04167	3131.87
499.08333	3131.88
499.12500	3131.88
499.16667	3131.88
499.20833	3131.89
499.25000	3131.88
499.29167	3131.89
499.33333	3131.89
499.37500	3131.89
499.41667	3131.89
499.45833	3131.89
499.50000	3131.88
499.54167	3131.90
499.58333	3131.89
499.62500	3131.90
499.66667	3131.90
499.70833	3131.90
499.75000	3131.90
499.79167	3131.91
499.83333	3131.90
499.87500	3131.90
499.91667	3131.90
499.95833	3131.89
500.00000	3131.89
500.04167	3131.90
500.08333	3131.89
500.12500	3131.89
500.16667	3131.89
500.20833	3131.90
500.25000	3131.90
500.29167	3131.90
500.33333	3131.91
500.37500	3131.90
500.41667	3131.90
500.45833	3131.89
500.50000	3131.88
500.54167	3131.89
500.58333	3131.90
500.62500	3131.89
500.66667	3131.89
500.70833	3131.88
500.75000	3131.88
500.79167	3131.86
500.83333	3131.86
500.87500	3131.86
500.91667	3131.86
500.95833	3131.85
501.00000	3131.85
501.04167	3131.86
501.08333	3131.86
501.12500	3131.86
501.16667	3131.86
501.20833	3131.86
501.25000	3131.85
501.29167	3131.86
501.33333	3131.87
501.37500	3131.86
501.41667	3131.86
501.45833	3131.86
501.50000	3131.86
501.54167	3131.86
501.58333	3131.86
501.62500	3131.87
501.66667	3131.87
501.70833	3131.87
501.75000	3131.87
501.79167	3131.87
501.83333	3131.87
501.87500	3131.87
501.91667	3131.86
501.95833	3131.87
502.00000	3131.86
502.04167	3131.87
502.08333	3131.87
502.12500	3131.88
502.16667	3131.87
502.20833	3131.88
502.25000	3131.88
502.29167	3131.88
502.33333	3131.88
502.37500	3131.88
502.41667	3131.87
502.45833	3131.87
502.50000	3131.86
502.54167	3131.88
502.58333	3131.88
502.62500	3131.89
502.66667	3131.88
502.70833	3131.88
502.75000	3131.89
502.79167	3131.89
502.83333	3131.89
502.87500	3131.89
502.91667	3131.89
502.95833	3131.89
503.00000	3131.89
503.04167	3131.89
503.08333	3131.89
503.12500	3131.90
503.16667	3131.90
503.20833	3131.91
503.25000	3131.91
503.29167	3131.91
503.33333	3131.91
503.37500	3131.91
503.41667	3131.91
503.45833	3131.92
503.50000	3131.92
503.54167	3131.92
503.58333	3131.92
503.62500	3131.93
503.66667	3131.93
503.70833	3131.93
503.75000	3131.93
503.79167	3131.93
503.83333	3131.93
503.87500	3131.93
503.91667	3131.93
503.95833	3131.94
504.00000	3131.93
504.04167	3131.93
504.08333	3131.94
504.12500	3131.95
504.16667	3131.94
504.20833	3131.94
504.25000	3131.95
504.29167	3131.94
504.33333	3131.95
504.37500	3131.95
504.41667	3131.94
504.45833	3131.95
504.50000	3131.95
504.54167	3131.95
504.58333	3131.95
504.62500	3131.95
504.66667	3131.96
504.70833	3131.95
504.75000	3131.96
504.79167	3131.95
504.83333	3131.95
504.87500	3131.96
504.91667	3131.95
504.95833	3131.96
505.00000	3131.96
505.04167	3131.96
505.08333	3131.96
505.12500	3131.96
505.16667	3131.96
505.20833	3131.96
505.25000	3131.97
505.29167	3131.97
505.33333	3131.97
505.37500	3131.97
505.41667	3131.97
505.45833	3131.97
505.50000	3131.97
505.54167	3131.97
505.58333	3131.97
505.62500	3131.98
505.66667	3131.98
505.70833	3131.98
505.75000	3131.99
505.79167	3131.99
505.83333	3131.98
505.87500	3131.98
505.91667	3131.99
505.95833	3131.99
506.00000	3131.99
506.04167	3131.99
506.08333	3132.00
506.12500	3132.01
506.16667	3132.00
506.20833	3132.01
506.25000	3132.02
506.29167	3132.02
506.33333	3132.03
506.37500	3132.03
506.41667	3132.03
506.45833	3132.03
506.50000	3132.03
506.54167	3132.03
506.58333	3132.04
506.62500	3132.05
506.66667	3132.05
506.70833	3132.05
506.75000	3132.05
506.79167	3132.05
506.83333	3132.05
506.87500	3132.05
506.91667	3132.05
506.95833	3132.05
507.00000	3132.06
507.04167	3132.06
507.08333	3132.05
507.12500	3132.06
507.16667	3132.06
507.20833	3132.07
507.25000	3132.06
507.29167	3132.06
507.33333	3132.07
507.37500	3132.06
507.41667	3132.07
507.45833	3132.06
507.50000	3132.06
507.54167	3132.07
507.58333	3132.07
507.62500	3132.07
507.66667	3132.07
507.70833	3132.07
507.75000	3132.07
507.79167	3132.07
507.83333	3132.06
507.87500	3132.06
507.91667	3132.06
507.95833	3132.06
508.00000	3132.07
508.04167	3132.07
508.08333	3132.08
508.12500	3132.07
508.16667	3132.07
508.20833	3132.08
508.25000	3132.07
508.29167	3132.07
508.33333	3132.07
508.37500	3132.07
508.41667	3132.07
508.45833	3132.07
508.50000	3132.06
508.54167	3132.06
508.58333	3132.07
508.62500	3132.07
508.66667	3132.06
508.70833	3132.07
508.75000	3132.07
508.79167	3132.07
508.83333	3132.07
508.87500	3132.06
508.91667	3132.07
508.95833	3132.07
509.00000	3132.06
509.04167	3132.06
509.08333	3132.07
509.12500	3132.06
509.16667	3132.07
509.20833	3132.07
509.25000	3132.08
509.29167	3132.08
509.33333	3132.07
509.37500	3132.08
509.41667	3132.07
509.45833	3132.06
509.50000	3132.07
509.54167	3132.07
509.58333	3132.07
509.62500	3132.07
509.66667	3132.08
509.70833	3132.08
509.75000	3132.08
509.79167	3132.07
509.83333	3132.07
509.87500	3132.08
509.91667	3132.08
509.95833	3132.08
510.00000	3132.08
510.04167	3132.09
510.08333	3132.09
510.12500	3132.09
510.16667	3132.09
510.20833	3132.10
510.25000	3132.10
510.29167	3132.10
510.33333	3132.10
510.37500	3132.10
510.41667	3132.10
510.45833	3132.10
510.50000	3132.10
510.54167	3132.10
510.58333	3132.10
510.62500	3132.10
510.66667	3132.11
510.70833	3132.11
510.75000	3132.11
510.79167	3132.12
510.83333	3132.11
510.87500	3132.12
510.91667	3132.11
510.95833	3132.12
511.00000	3132.11
511.04167	3132.12
511.08333	3132.12
511.12500	3132.13
511.16667	3132.12
511.20833	3132.12
511.25000	3132.13
511.29167	3132.13
511.33333	3132.13
511.37500	3132.13
511.41667	3132.13
511.45833	3132.13
511.50000	3132.12
511.54167	3132.13
511.58333	3132.13
511.62500	3132.14
511.66667	3132.14
511.70833	3132.14
511.75000	3132.14
511.79167	3132.14
511.83333	3132.14
511.87500	3132.15
511.91667	3132.15
511.95833	3132.15
512.00000	3132.15
512.04167	3132.15
512.08333	3132.16
512.12500	3132.15
512.16667	3132.16
512.20833	3132.16
512.25000	3132.16
512.29167	3132.16
512.33333	3132.16
512.37500	3132.16
512.41667	3132.16
512.45833	3132.15
512.50000	3132.16
512.54167	3132.16
512.58333	3132.16
512.62500	3132.16
512.66667	3132.16
512.70833	3132.17
512.75000	3132.16
512.79167	3132.16
512.83333	3132.16
512.87500	3132.16
512.91667	3132.16
512.95833	3132.15
513.00000	3132.16
513.04167	3132.16
513.08333	3132.16
513.12500	3132.17
513.16667	3132.17
513.20833	3132.18
513.25000	3132.18
513.29167	3132.19
513.33333	3132.19
513.37500	3132.19
513.41667	3132.19
513.45833	3132.19
513.50000	3132.19
513.54167	3132.19
513.58333	3132.20
513.62500	3132.20
513.66667	3132.20
513.70833	3132.20
513.75000	3132.20
513.79167	3132.20
513.83333	3132.20
513.87500	3132.20
513.91667	3132.20
513.95833	3132.20
514.00000	3132.20
514.04167	3132.20
514.08333	3132.21
514.12500	3132.21
514.16667	3132.21
514.20833	3132.21
514.25000	3132.21
514.29167	3132.22
514.33333	3132.22
514.37500	3132.22
514.41667	3132.23
514.45833	3132.22
514.50000	3132.21
514.54167	3132.23
514.58333	3132.23
514.62500	3132.23
514.66667	3132.24
514.70833	3132.24
514.75000	3132.24
514.79167	3132.25
514.83333	3132.25
514.87500	3132.25
514.91667	3132.26
514.95833	3132.26
515.00000	3132.26
515.04167	3132.26
515.08333	3132.27
515.12500	3132.27
515.16667	3132.27
515.20833	3132.28
515.25000	3132.28
515.29167	3132.29
515.33333	3132.29
515.37500	3132.30
515.41667	3132.29
515.45833	3132.30
515.50000	3132.30
515.54167	3132.31
515.58333	3132.31
515.62500	3132.32
515.66667	3132.32
515.70833	3132.32
515.75000	3132.33
515.79167	3132.33
515.83333	3132.33
515.87500	3132.34
515.91667	3132.34
515.95833	3132.34
516.00000	3132.34
516.04167	3132.35
516.08333	3132.36
516.12500	3132.36
516.16667	3132.37
516.20833	3132.37
516.25000	3132.37
516.29167	3132.38
516.33333	3132.37
516.37500	3132.38
516.41667	3132.37
516.45833	3132.37
516.50000	3132.38
516.54167	3132.37
516.58333	3132.38
516.62500	3132.38
516.66667	3132.39
516.70833	3132.39
516.75000	3132.39
516.79167	3132.39
516.83333	3132.39
516.87500	3132.39
516.91667	3132.40
516.95833	3132.40
517.00000	3132.40
517.04167	3132.41
517.08333	3132.40
517.12500	3132.41
517.16667	3132.41
517.20833	3132.42
517.25000	3132.42
517.29167	3132.43
517.33333	3132.43
517.37500	3132.43
517.41667	3132.44
517.45833	3132.44
517.50000	3132.44
517.54167	3132.45
517.58333	3132.45
517.62500	3132.46
517.66667	3132.47
517.70833	3132.47
517.75000	3132.47
517.79167	3132.47
517.83333	3132.47
517.87500	3132.47
517.91667	3132.47
517.95833	3132.46
518.00000	3132.46
518.04167	3132.47
518.08333	3132.47
518.12500	3132.46
518.16667	3132.46
518.20833	3132.46
518.25000	3132.45
518.29167	3132.45
518.33333	3132.44
518.37500	3132.44
518.41667	3132.44
518.45833	3132.43
518.50000	3132.43
518.54167	3132.42
518.58333	3132.42
518.62500	3132.42
518.66667	3132.43
518.70833	3132.43
518.75000	3132.42
518.79167	3132.42
518.83333	3132.42
518.87500	3132.43
518.91667	3132.43
518.95833	3132.43
519.00000	3132.43
519.04167	3132.42
519.08333	3132.43
519.12500	3132.43
519.16667	3132.42
519.20833	3132.43
519.25000	3132.43
519.29167	3132.43
519.33333	3132.42
519.37500	3132.42
519.41667	3132.42
519.45833	3132.41
519.50000	3132.40
519.54167	3132.40
519.58333	3132.40
519.62500	3132.39
519.66667	3132.39
519.70833	3132.39
519.75000	3132.39
519.79167	3132.38
519.83333	3132.38
519.87500	3132.38
519.91667	3132.38
519.95833	3132.37
520.00000	3132.37
520.04167	3132.37
520.08333	3132.37
520.12500	3132.37
520.16667	3132.37
520.20833	3132.37
520.25000	3132.37
520.29167	3132.37
520.33333	3132.37
520.37500	3132.36
520.41667	3132.36
520.45833	3132.36
520.50000	3132.35
520.54167	3132.36
520.58333	3132.36
520.62500	3132.36
520.66667	3132.36
520.70833	3132.35
520.75000	3132.36
520.79167	3132.36
520.83333	3132.36
520.87500	3132.36
520.91667	3132.35
520.95833	3132.36
521.00000	3132.36
521.04167	3132.36
521.08333	3132.36
521.12500	3132.36
521.16667	3132.36
521.20833	3132.36
521.25000	3132.37
521.29167	3132.36
521.33333	3132.38
521.37500	3132.38
521.41667	3132.37
521.45833	3132.37
521.50000	3132.38
521.54167	3132.39
521.58333	3132.39
521.62500	3132.39
521.66667	3132.40
521.70833	3132.40
521.75000	3132.41
521.79167	3132.41
521.83333	3132.40
521.87500	3132.40
521.91667	3132.40
521.95833	3132.40
522.00000	3132.40
522.04167	3132.38
522.08333	3132.39
522.12500	3132.39
522.16667	3132.38
522.20833	3132.38
522.25000	3132.37
522.29167	3132.37
522.33333	3132.35
522.37500	3132.35
522.41667	3132.35
522.45833	3132.35
522.50000	3132.34
522.54167	3132.34
522.58333	3132.34
522.62500	3132.34
522.66667	3132.35
522.70833	3132.34
522.75000	3132.35
522.79167	3132.36
522.83333	3132.36
522.87500	3132.36
522.91667	3132.36
522.95833	3132.38
523.00000	3132.38
523.04167	3132.38
523.08333	3132.41
523.12500	3132.41
523.16667	3132.42
523.20833	3132.44
523.25000	3132.44
523.29167	3132.44
523.33333	3132.46
523.37500	3132.46
523.41667	3132.46
523.45833	3132.47
523.50000	3132.48
523.54167	3132.49
523.58333	3132.50
523.62500	3132.50
523.66667	3132.50
523.70833	3132.50
523.75000	3132.50
523.79167	3132.50
523.83333	3132.49
523.87500	3132.50
523.91667	3132.51
523.95833	3132.51
524.00000	3132.51
524.04167	3132.52
524.08333	3132.52
524.12500	3132.52
524.16667	3132.53
524.20833	3132.53
524.25000	3132.54
524.29167	3132.55
524.33333	3132.55
524.37500	3132.54
524.41667	3132.54
524.45833	3132.54
524.50000	3132.53
524.54167	3132.55
524.58333	3132.54
524.62500	3132.55
524.66667	3132.54
524.70833	3132.54
524.75000	3132.54
524.79167	3132.54
524.83333	3132.54
524.87500	3132.53
524.91667	3132.54
524.95833	3132.53
525.00000	3132.53
525.04167	3132.54
525.08333	3132.55
525.12500	3132.53
525.16667	3132.53
525.20833	3132.53
525.25000	3132.53
525.29167	3132.52
525.33333	3132.51
525.37500	3132.52
525.41667	3132.51
525.45833	3132.51
525.50000	3132.51
525.54167	3132.50
525.58333	3132.50
525.62500	3132.51
525.66667	3132.51
525.70833	3132.51
525.75000	3132.51
525.79167	3132.51
525.83333	3132.52
525.87500	3132.51
525.91667	3132.51
525.95833	3132.51
526.00000	3132.51
526.04167	3132.52
526.08333	3132.52
526.12500	3132.53
526.16667	3132.53
526.20833	3132.54
526.25000	3132.54
526.29167	3132.54
526.33333	3132.55
526.37500	3132.55
526.41667	3132.56
526.45833	3132.56
526.50000	3132.57
526.54167	3132.57
526.58333	3132.58
526.62500	3132.59
526.66667	3132.60
526.70833	3132.61
526.75000	3132.61
526.79167	3132.61
526.83333	3132.61
526.87500	3132.61
526.91667	3132.61
526.95833	3132.61
527.00000	3132.61
527.04167	3132.60
527.08333	3132.61
527.12500	3132.61
527.16667	3132.62
527.20833	3132.61
527.25000	3132.62
527.29167	3132.61
527.33333	3132.60
527.37500	3132.59
527.41667	3132.59
527.45833	3132.58
527.50000	3132.58
527.54167	3132.58
527.58333	3132.56
527.62500	3132.56
527.66667	3132.56
527.70833	3132.55
527.75000	3132.56
527.79167	3132.54
527.83333	3132.54
527.87500	3132.53
527.91667	3132.52
527.95833	3132.53
528.00000	3132.53
528.04167	3132.52
528.08333	3132.53
528.12500	3132.53
528.16667	3132.52
528.20833	3132.53
528.25000	3132.52
528.29167	3132.52
528.33333	3132.53
528.37500	3132.52
528.41667	3132.52
528.45833	3132.52
528.50000	3132.52
528.54167	3132.52
528.58333	3132.53
528.62500	3132.53
528.66667	3132.53
528.70833	3132.53
528.75000	3132.54
528.79167	3132.53
528.83333	3132.54
528.87500	3132.55
528.91667	3132.54
528.95833	3132.56
529.00000	3132.56
529.04167	3132.57
529.08333	3132.58
529.12500	3132.59
529.16667	3132.58
529.20833	3132.60
529.25000	3132.61
529.29167	3132.61
529.33333	3132.62
529.37500	3132.63
529.41667	3132.63
529.45833	3132.64
529.50000	3132.64
529.54167	3132.65
529.58333	3132.65
529.62500	3132.65
529.66667	3132.65
529.70833	3132.65
529.75000	3132.66
529.79167	3132.66
529.83333	3132.65
529.87500	3132.65
529.91667	3132.65
529.95833	3132.65
530.00000	3132.64
530.04167	3132.64
530.08333	3132.64
530.12500	3132.65
530.16667	3132.65
530.20833	3132.65
530.25000	3132.66
530.29167	3132.66
530.33333	3132.65
530.37500	3132.66
530.41667	3132.67
530.45833	3132.67
530.50000	3132.67
530.54167	3132.67
530.58333	3132.68
530.62500	3132.68
530.66667	3132.68
530.70833	3132.67
530.75000	3132.67
530.79167	3132.67
530.83333	3132.68
530.87500	3132.67
530.91667	3132.67
530.95833	3132.67
531.00000	3132.67
531.04167	3132.67
531.08333	3132.68
531.12500	3132.69
531.16667	3132.70
531.20833	3132.70
531.25000	3132.70
531.29167	3132.70
531.33333	3132.71
531.37500	3132.70
531.41667	3132.70
531.45833	3132.70
531.50000	3132.70
531.54167	3132.69
531.58333	3132.70
531.62500	3132.70
531.66667	3132.70
531.70833	3132.70
531.75000	3132.70
531.79167	3132.70
531.83333	3132.70
531.87500	3132.71
531.91667	3132.71
531.95833	3132.71
532.00000	3132.71
532.04167	3132.70
532.08333	3132.71
532.12500	3132.72
532.16667	3132.72
532.20833	3132.72
532.25000	3132.72
532.29167	3132.72
532.33333	3132.74
532.37500	3132.73
532.41667	3132.73
532.45833	3132.73
532.50000	3132.72
532.54167	3132.73
532.58333	3132.73
532.62500	3132.74
532.66667	3132.74
532.70833	3132.74
532.75000	3132.74
532.79167	3132.75
532.83333	3132.75
532.87500	3132.75
532.91667	3132.75
532.95833	3132.76
533.00000	3132.76
533.04167	3132.76
533.08333	3132.76
533.12500	3132.76
533.16667	3132.76
533.20833	3132.77
533.25000	3132.77
533.29167	3132.77
533.33333	3132.77
533.37500	3132.77
533.41667	3132.77
533.45833	3132.77
533.50000	3132.78
533.54167	3132.76
533.58333	3132.77
533.62500	3132.77
533.66667	3132.78
533.70833	3132.78
533.75000	3132.78
533.79167	3132.78
533.83333	3132.78
533.87500	3132.79
533.91667	3132.79
533.95833	3132.79
534.00000	3132.80
534.04167	3132.80
534.08333	3132.80
534.12500	3132.80
534.16667	3132.81
534.20833	3132.81
534.25000	3132.81
534.29167	3132.81
534.33333	3132.80
534.37500	3132.79
534.41667	3132.79
534.45833	3132.78
534.50000	3132.78
534.54167	3132.79
534.58333	3132.78
534.62500	3132.80
534.66667	3132.79
534.70833	3132.78
534.75000	3132.78
534.79167	3132.78
534.83333	3132.78
534.87500	3132.78
534.91667	3132.78
534.95833	3132.78
535.00000	3132.78
535.04167	3132.78
535.08333	3132.78
535.12500	3132.78
535.16667	3132.78
535.20833	3132.79
535.25000	3132.78
535.29167	3132.79
535.33333	3132.79
535.37500	3132.80
535.41667	3132.80
535.45833	3132.80
535.50000	3132.79
535.54167	3132.80
535.58333	3132.81
535.62500	3132.81
535.66667	3132.82
535.70833	3132.82
535.75000	3132.82
535.79167	3132.82
535.83333	3132.83
535.87500	3132.83
535.91667	3132.84
535.95833	3132.84
536.00000	3132.84
536.04167	3132.85
536.08333	3132.86
536.12500	3132.86
536.16667	3132.87
536.20833	3132.86
536.25000	3132.87
536.29167	3132.87
536.33333	3132.87
536.37500	3132.87
536.41667	3132.86
536.45833	3132.87
536.50000	3132.87
536.54167	3132.88
536.58333	3132.87
536.62500	3132.87
536.66667	3132.88
536.70833	3132.87
536.75000	3132.88
536.79167	3132.88
536.83333	3132.88
536.87500	3132.88
536.91667	3132.89
536.95833	3132.89
537.00000	3132.89
537.04167	3132.88
537.08333	3132.90
537.12500	3132.89
537.16667	3132.90
537.20833	3132.89
537.25000	3132.90
537.29167	3132.90
537.33333	3132.91
537.37500	3132.91
537.41667	3132.91
537.45833	3132.90
537.50000	3132.89
537.54167	3132.90
537.58333	3132.90
537.62500	3132.90
537.66667	3132.91
537.70833	3132.90
537.75000	3132.91
537.79167	3132.90
537.83333	3132.91
537.87500	3132.90
537.91667	3132.90
537.95833	3132.90
538.00000	3132.90
538.04167	3132.90
538.08333	3132.90
538.12500	3132.90
538.16667	3132.91
538.20833	3132.90
538.25000	3132.90
538.29167	3132.91
538.33333	3132.90
538.37500	3132.90
538.41667	3132.90
538.45833	3132.89
538.50000	3132.90
538.54167	3132.90
538.58333	3132.90
538.62500	3132.89
538.66667	3132.90
538.70833	3132.90
538.75000	3132.90
538.79167	3132.90
538.83333	3132.91
538.87500	3132.90
538.91667	3132.91
538.95833	3132.92
539.00000	3132.92
539.04167	3132.92
539.08333	3132.93
539.12500	3132.93
539.16667	3132.94
539.20833	3132.94
539.25000	3132.94
539.29167	3132.96
539.33333	3132.96
539.37500	3132.96
539.41667	3132.97
539.45833	3132.96
539.50000	3132.98
539.54167	3132.98
539.58333	3132.99
539.62500	3132.99
539.66667	3133.01
539.70833	3133.00
539.75000	3133.01
539.79167	3133.01
539.83333	3133.01
539.87500	3133.01
539.91667	3133.01
539.95833	3133.02
540.00000	3133.03
540.04167	3133.03
540.08333	3133.04
540.12500	3133.04
540.16667	3133.04
540.20833	3133.04
540.25000	3133.06
540.29167	3133.06
540.33333	3133.07
540.37500	3133.06
540.41667	3133.06
540.45833	3133.07
540.50000	3133.07
540.54167	3133.07
540.58333	3133.08
540.62500	3133.08
540.66667	3133.08
540.70833	3133.08
540.75000	3133.08
540.79167	3133.08
540.83333	3133.08
540.87500	3133.08
540.91667	3133.07
540.95833	3133.07
541.00000	3133.06
541.04167	3133.06
541.08333	3133.07
541.12500	3133.06
541.16667	3133.07
541.20833	3133.07
541.25000	3133.07
541.29167	3133.06
541.33333	3133.06
541.37500	3133.06
541.41667	3133.06
541.45833	3133.06
541.50000	3133.06
541.54167	3133.05
541.58333	3133.06
541.62500	3133.07
541.66667	3133.06
541.70833	3133.06
541.75000	3133.06
541.79167	3133.06
541.83333	3133.06
541.87500	3133.05
541.91667	3133.06
541.95833	3133.05
542.00000	3133.06
542.04167	3133.06
542.08333	3133.07
542.12500	3133.05
542.16667	3133.05
542.20833	3133.05
542.25000	3133.06
542.29167	3133.06
542.33333	3133.06
542.37500	3133.05
542.41667	3133.06
542.45833	3133.06
542.50000	3133.05
542.54167	3133.06
542.58333	3133.06
542.62500	3133.07
542.66667	3133.07
542.70833	3133.07
542.75000	3133.08
542.79167	3133.07
542.83333	3133.07
542.87500	3133.09
542.91667	3133.08
542.95833	3133.08
543.00000	3133.09
543.04167	3133.08
543.08333	3133.10
543.12500	3133.10
543.16667	3133.10
543.20833	3133.12
543.25000	3133.12
543.29167	3133.13
543.33333	3133.13
543.37500	3133.14
543.41667	3133.15
543.45833	3133.14
543.50000	3133.15
543.54167	3133.15
543.58333	3133.16
543.62500	3133.16
543.66667	3133.17
543.70833	3133.17
543.75000	3133.17
543.79167	3133.18
543.83333	3133.18
543.87500	3133.19
543.91667	3133.20
543.95833	3133.20
544.00000	3133.20
544.04167	3133.21
544.08333	3133.22
544.12500	3133.23
544.16667	3133.23
544.20833	3133.25
544.25000	3133.25
544.29167	3133.25
544.33333	3133.25
544.37500	3133.25
544.41667	3133.25
544.45833	3133.26
544.50000	3133.27
544.54167	3133.27
544.58333	3133.28
544.62500	3133.28
544.66667	3133.29
544.70833	3133.30
544.75000	3133.30
544.79167	3133.30
544.83333	3133.31
544.87500	3133.30
544.91667	3133.30
544.95833	3133.31
545.00000	3133.31
545.04167	3133.31
545.08333	3133.32
545.12500	3133.33
545.16667	3133.32
545.20833	3133.34
545.25000	3133.34
545.29167	3133.33
545.33333	3133.33
545.37500	3133.33
545.41667	3133.33
545.45833	3133.33
545.50000	3133.33
545.54167	3133.33
545.58333	3133.34
545.62500	3133.34
545.66667	3133.35
545.70833	3133.34
545.75000	3133.34
545.79167	3133.34
545.83333	3133.34
545.87500	3133.34
545.91667	3133.34
545.95833	3133.34
546.00000	3133.34
546.04167	3133.34
546.08333	3133.34
546.12500	3133.35
546.16667	3133.36
546.20833	3133.36
546.25000	3133.37
546.29167	3133.38
546.33333	3133.39
546.37500	3133.39
546.41667	3133.40
546.45833	3133.40
546.50000	3133.39
546.54167	3133.40
546.58333	3133.42
546.62500	3133.41
546.66667	3133.42
546.70833	3133.42
546.75000	3133.44
546.79167	3133.44
546.83333	3133.44
546.87500	3133.42
546.91667	3133.44
546.95833	3133.44
547.00000	3133.43
547.04167	3133.43
547.08333	3133.43
547.12500	3133.43
547.16667	3133.42
547.20833	3133.41
547.25000	3133.42
547.29167	3133.43
547.33333	3133.42
547.37500	3133.41
547.41667	3133.40
547.45833	3133.41
547.50000	3133.40
547.54167	3133.40
547.58333	3133.40
547.62500	3133.40
547.66667	3133.40
547.70833	3133.41
547.75000	3133.41
547.79167	3133.42
547.83333	3133.41
547.87500	3133.41
547.91667	3133.41
547.95833	3133.41
548.00000	3133.42
548.04167	3133.42
548.08333	3133.42
548.12500	3133.43
548.16667	3133.44
548.20833	3133.44
548.25000	3133.45
548.29167	3133.46
548.33333	3133.45
548.37500	3133.46
548.41667	3133.47
548.45833	3133.47
548.50000	3133.47
548.54167	3133.48
548.58333	3133.49
548.62500	3133.49
548.66667	3133.50
548.70833	3133.51
548.75000	3133.51
548.79167	3133.52
548.83333	3133.52
548.87500	3133.53
548.91667	3133.53
548.95833	3133.54
549.00000	3133.54
549.04167	3133.55
549.08333	3133.56
549.12500	3133.56
549.16667	3133.57
549.20833	3133.57
549.25000	3133.57
549.29167	3133.58
549.33333	3133.57
549.37500	3133.57
549.41667	3133.57
549.45833	3133.57
549.50000	3133.58
549.54167	3133.57
549.58333	3133.58
549.62500	3133.58
549.66667	3133.58
549.70833	3133.58
549.75000	3133.59
549.79167	3133.58
549.83333	3133.58
549.87500	3133.58
549.91667	3133.58
549.95833	3133.58
550.00000	3133.58
550.04167	3133.58
550.08333	3133.59
550.12500	3133.59
550.16667	3133.60
550.20833	3133.60
550.25000	3133.60
550.29167	3133.61
550.33333	3133.62
550.37500	3133.62
550.41667	3133.62
550.45833	3133.62
550.50000	3133.63
550.54167	3133.63
550.58333	3133.64
550.62500	3133.66
550.66667	3133.66
550.70833	3133.67
550.75000	3133.68
550.79167	3133.68
550.83333	3133.69
550.87500	3133.70
550.91667	3133.70
550.95833	3133.71
551.00000	3133.72
551.04167	3133.73
551.08333	3133.73
551.12500	3133.75
551.16667	3133.76
551.20833	3133.75
551.25000	3133.76
551.29167	3133.77
551.33333	3133.78
551.37500	3133.78
551.41667	3133.78
551.45833	3133.78
551.50000	3133.78
551.54167	3133.80
551.58333	3133.79
551.62500	3133.80
551.66667	3133.80
551.70833	3133.81
551.75000	3133.81
551.79167	3133.81
551.83333	3133.81
551.87500	3133.81
551.91667	3133.82
551.95833	3133.82
552.00000	3133.82
552.04167	3133.83
552.08333	3133.83
552.12500	3133.83
552.16667	3133.83
552.20833	3133.83
552.25000	3133.83
552.29167	3133.84
552.33333	3133.84
552.37500	3133.85
552.41667	3133.84
552.45833	3133.83
552.50000	3133.84
552.54167	3133.84
552.58333	3133.84
552.62500	3133.84
552.66667	3133.83
552.70833	3133.84
552.75000	3133.83
552.79167	3133.83
552.83333	3133.82
552.87500	3133.82
552.91667	3133.81
552.95833	3133.81
553.00000	3133.80
553.04167	3133.79
553.08333	3133.80
553.12500	3133.80
553.16667	3133.80
553.20833	3133.79
553.25000	3133.79
553.29167	3133.79
553.33333	3133.78
553.37500	3133.78
553.41667	3133.78
553.45833	3133.77
553.50000	3133.77
553.54167	3133.77
553.58333	3133.78
553.62500	3133.76
553.66667	3133.77
553.70833	3133.77
553.75000	3133.77
553.79167	3133.78
553.83333	3133.78
553.87500	3133.78
553.91667	3133.78
553.95833	3133.79
554.00000	3133.79
554.04167	3133.79
554.08333	3133.80
554.12500	3133.80
554.16667	3133.81
554.20833	3133.84
554.25000	3133.84
554.29167	3133.85
554.33333	3133.85
554.37500	3133.86
554.41667	3133.86
554.45833	3133.87
554.50000	3133.87
554.54167	3133.87
554.58333	3133.88
554.62500	3133.88
554.66667	3133.88
554.70833	3133.88
554.75000	3133.89
554.79167	3133.90
554.83333	3133.90
554.87500	3133.90
554.91667	3133.91
554.95833	3133.91
555.00000	3133.91
555.04167	3133.93
555.08333	3133.93
555.12500	3133.94
555.16667	3133.94
555.20833	3133.95
555.25000	3133.96
555.29167	3133.97
555.33333	3133.97
555.37500	3133.97
555.41667	3133.98
555.45833	3133.97
555.50000	3133.98
555.54167	3133.97
555.58333	3133.99
555.62500	3134.00
555.66667	3134.01
555.70833	3134.00
555.75000	3134.00
555.79167	3134.01
555.83333	3134.02
555.87500	3134.02
555.91667	3134.02
555.95833	3134.03
556.00000	3134.03
556.04167	3134.04
556.08333	3134.04
556.12500	3134.04
556.16667	3134.04
556.20833	3134.05
556.25000	3134.05
556.29167	3134.05
556.33333	3134.05
556.37500	3134.06
556.41667	3134.06
556.45833	3134.05
556.50000	3134.05
556.54167	3134.06
556.58333	3134.07
556.62500	3134.07
556.66667	3134.08
556.70833	3134.08
556.75000	3134.09
556.79167	3134.09
556.83333	3134.10
556.87500	3134.11
556.91667	3134.11
556.95833	3134.12
557.00000	3134.13
557.04167	3134.13
557.08333	3134.14
557.12500	3134.15
557.16667	3134.15
557.20833	3134.15
557.25000	3134.16
557.29167	3134.17
557.33333	3134.17
557.37500	3134.17
557.41667	3134.18
557.45833	3134.18
557.50000	3134.17
557.54167	3134.18
557.58333	3134.18
557.62500	3134.18
557.66667	3134.19
557.70833	3134.20
557.75000	3134.20
557.79167	3134.19
557.83333	3134.20
557.87500	3134.21
557.91667	3134.21
557.95833	3134.21
558.00000	3134.21
558.04167	3134.22
558.08333	3134.23
558.12500	3134.23
558.16667	3134.23
558.20833	3134.24
558.25000	3134.25
558.29167	3134.25
558.33333	3134.25
558.37500	3134.26
558.41667	3134.26
558.45833	3134.26
558.50000	3134.26
558.54167	3134.27
558.58333	3134.28
558.62500	3134.28
558.66667	3134.28
558.70833	3134.28
558.75000	3134.28
558.79167	3134.30
558.83333	3134.29
558.87500	3134.30
558.91667	3134.31
558.95833	3134.31
559.00000	3134.32
559.04167	3134.32
559.08333	3134.33
559.12500	3134.34
559.16667	3134.34
559.20833	3134.35
559.25000	3134.36
559.29167	3134.37
559.33333	3134.36
559.37500	3134.37
559.41667	3134.38
559.45833	3134.38
559.50000	3134.38
