850
-400	127.294	        115.288	        101.608	        88	        102.2715	114.979	        136.977	        158.1505
-364	127.294	        115.288	        101.608	        88	        102.2715	114.979	        136.977	        158.1505
-363	124.312033	112.252673	98.511873	84.843393	99.014153	111.631953	133.474673	154.498713
-362	121.4195481	109.3068281	95.50522805	81.77626805	95.84628805	108.3743881	130.0618281	150.9364081
-361	119.2211408	107.0550608	93.1926608	79.4032208	93.3725008	105.8109008	127.3430608	148.0681808
-360	116.8111014	104.5916614	90.6684614	76.8185414	90.6870814	103.0357814	124.4126614	144.9883214
-359	114.8503661	102.5775661	88.59356605	74.68316605	88.45096605	100.7099661	121.9315661	142.3577661
-358	111.2576486	98.93148855	84.88668855	70.91580855	84.58286855	96.75216855	117.8184886	138.0952286
-357	107.0021011	94.62258105	80.51698105	66.48562105	80.05194105	92.13154105	113.0425811	133.1698611
-356	101.6765566	89.24367655	75.07727655	60.98543655	74.45101655	86.44091655	107.1966766	127.1744966
-355	97.49676105	85.01052105	70.78332105	56.63100105	69.99584105	81.89604105	102.4965211	122.3248811
-354	93.96559205	81.42599205	67.13799205	52.92519205	66.18929205	77.99979205	98.44499205	118.1238921
-353	90.16455655	77.57159655	63.22279655	48.94951655	62.11287655	73.83367655	94.12359655	113.6530366
-352	86.98374055	74.33742055	59.92782055	45.59406055	58.65668055	70.28778055	90.42242055	109.8024006
-351	82.77080355	70.07112355	55.60072355	41.20648355	54.16836355	65.70976355	85.68912355	104.9196436
-350	79.43374905	66.68070905	52.14950905	37.69478905	50.55592905	62.00762905	81.83170905	100.9127691
-349	76.16771205	63.36131205	48.76931205	34.25411205	47.01451205	58.37651205	78.04531205	96.97691205
-348	73.99723835	61.13747835	46.48467835	31.90899835	44.56865835	55.84095835	75.35447835	94.13661835
-347	70.59390085	57.68078085	42.96718085	28.33102085	40.88994085	52.07254085	71.43078085	90.06346085
-346	66.59875085	53.63227085	38.85787085	24.16123085	36.61941085	47.71231085	66.91527085	85.39849085
-345	62.84506035	49.82522035	34.99002035	20.23290035	32.59034035	43.59354035	62.64122035	80.97498035
-344	59.79207585	46.71887585	31.82287585	17.00527585	29.26197585	40.17547585	59.06787585	77.25217585
-343	56.9213696	43.7948096	28.8380096	13.9599296	26.1158896	36.9396896	55.6768096	73.7116496
-342	60.03804075	46.82985804	31.78005465	16.80946075	28.90025278	39.66602651	58.30269702	76.24085244
-341	60.03804075	46.82985804	31.78005465	16.80946075	28.90025278	39.66602651	58.30269702	76.24085244
-340	60.03804075	46.82985804	31.73483945	16.70376555	28.69381758	39.36989131	57.85128182	75.63997724
-339	61.41054075	48.17409533	33.04687335	17.98376555	30.00938962	40.71713708	59.25335809	77.09482894
-338	61.4666364	48.14856826	32.92834289	17.7727212	29.7331773	40.38289849	58.81867001	76.56345628
-337	59.95094405	46.57951591	31.29849054	16.08238885	27.94210495	38.50212614	56.78261766	74.37794393
-336	62.44344405	49.0437532	33.73052444	18.48238885	30.37767699	40.9693719	59.30469393	76.95279563
-335	62.57594405	49.14799049	33.80255834	18.52238885	30.45324902	41.07661766	59.46677021	77.16764732
-334	61.0034377	47.52212414	32.11589199	16.7752425	28.60536267	39.13903131	57.37390386	74.92532097
-333	58.3670892	44.83241564	29.36538349	13.964254	25.69363417	36.13760281	54.21719536	71.61915247
-332	57.1330996	43.54506604	28.01723389	12.5556244	24.18426457	34.53853321	52.46284576	69.71534287
-331	57.1330996	43.54506604	28.01723389	12.5556244	24.18426457	34.53853321	52.46284576	69.71534287
-330	56.11263595	42.47124239	26.88261024	11.36052075	22.88842092	33.15298956	50.92202211	68.02505922
-329	58.04513595	44.37547968	28.75464414	13.20052075	24.76399295	35.06023533	52.88409838	70.03991092
-328	58.04513595	44.37547968	28.75464414	13.20052075	24.76399295	35.06023533	52.88409838	70.03991092
-327	56.11233415	42.38931788	26.70768234	11.09307895	22.55581115	32.76235353	50.43093658	67.43728912
-326	54.6165267	40.84015043	25.09771489	9.4226315	20.7846237	30.90146608	48.41476913	65.27166167
-325	52.1667175	38.33698123	22.53374569	6.7981823	18.0594345	28.08657688	45.44459993	62.15203247
-324	50.05447815	36.17138188	20.30734634	4.51130295	15.67181515	25.60925753	42.81200058	59.36997312
-323	48.12262325	34.18616698	18.26133144	2.40480805	13.46458025	23.31232263	40.35978568	56.76829822
-322	48.4700034	34.45192442	18.43408549	2.4850482	13.47965244	23.26936854	40.2163821	56.52821006
-321	48.02045445	33.92075276	17.80991044	1.76835925	12.69779552	22.42948535	39.27604942	55.49119281
-320	53.95295445	39.77855289	23.57470718	7.4406421	18.30491041	27.97857396	44.72468854	60.84314735
-319	57.10545445	42.90279018	26.66674108	10.5006421	21.40048244	31.10581973	47.90676481	64.07799905
-318	58.31795445	44.08702747	27.81877498	11.6206421	22.55605447	32.29306549	49.14884108	65.37285074
-317	57.3230571	43.03877012	26.70971763	10.45110475	21.28577712	30.93308814	47.63358373	63.70813339
-316	56.38686755	42.04922057	25.65936808	9.3402752	20.07420757	29.63181859	46.17703418	62.10212384
-315	54.75328615	40.36227917	23.91162668	7.5320538	18.16524617	27.63315719	44.02309278	59.79872244
-314	52.3494016	37.90503462	21.39358213	4.95352925	15.48598162	24.86419264	41.09884823	56.72501789
-313	48.6761976	34.17847062	17.60621813	1.10568525	11.53739762	20.82590864	36.90528423	52.38199389
-312	43.88372496	29.33263798	12.69958549	-3.86142739	6.469544983	15.668356	31.59245159	46.91970125
-311	40.46993872	25.86549174	9.171639251	-7.44985363	2.780378743	11.88948976	27.65830535	42.83609501
-310	38.7821618	24.12435482	7.369702331	-9.31227055	0.817221823	9.83663284	25.45016843	40.47849809
-309	35.85462765	21.14346067	4.328008179	-12.4144447	-2.385692329	6.544018688	22.00227428	36.88114394
-308	31.39091869	16.62639171	-0.249860781	-17.05279366	-7.124781289	1.715229728	17.01820532	31.74761498
-307	29.04190256	14.22401558	-2.713036909	-19.57644979	-9.749177417	-0.9988664	14.14882919	28.72877885
-306	29.37440256	14.52825287	-2.44100301	-19.33644979	-9.473605383	-0.691620637	14.51090546	29.14363055
-305	29.66690256	14.79249016	-2.208969112	-19.13644979	-9.238033349	-0.424374875	14.83298174	29.51848224
-304	29.91940256	15.01672744	-2.016935214	-18.97644979	-9.042461315	-0.197129112	15.11505801	29.85333394
-303	29.91940256	15.01672744	-2.016935214	-18.97644979	-9.042461315	-0.197129112	15.11505801	29.85333394
-302	28.00891476	13.05287964	-4.041583014	-21.06157759	-11.22832912	-2.472696912	12.68421021	27.27302614
-301	25.85980816	10.85041304	-6.304849614	-23.38532419	-13.65281572	-4.986883512	10.01474361	24.45409954
-300	24.37989473	9.317139612	-7.898923046	-25.03987762	-15.40810915	-6.831876944	8.014470175	22.30436611
-299	23.07655921	7.960444092	-9.316418566	-26.51785314	-16.98682467	-8.500292464	6.190774655	20.33121059
-298	21.30712163	6.137646516	-11.20001614	-28.46193072	-19.03164224	-10.63481004	3.900977079	17.89195301
-297	19.50586822	4.2830331	-13.11542956	-30.43782413	-21.10827566	-12.80114346	1.579363663	15.42087959
-296	18.1362497	2.86005458	-14.59920808	-31.98208265	-22.75327418	-14.53584198	-0.310614857	13.38144107
-295	18.1362497	2.86005458	-14.59920808	-31.98208265	-22.75327418	-14.53584198	-0.310614857	13.38144107
-294	18.3087497	3.004291868	-14.48717418	-31.90208265	-22.63770215	-14.38859621	-0.108538586	13.63629277
-293	18.3087497	3.004291868	-14.48717418	-31.90208265	-22.63770215	-14.38859621	-0.108538586	13.63629277
-292	15.64634754	0.288529716	-17.26373633	-34.73912481	-25.5754843	-17.41607837	-3.291300738	10.30407062
-291	14.18923546	-1.221942364	-18.83500841	-36.37087689	-27.30797638	-19.23827045	-5.268772818	8.177138538
-290	14.18923546	-1.221942364	-18.83500841	-36.37087689	-27.30797638	-19.23827045	-5.268772818	8.177138538
-289	12.14830272	-3.316235108	-20.99010116	-38.58644963	-29.62428912	-21.64428319	-7.830065562	5.466385794
-288	10.66785902	-4.850038804	-22.58470485	-40.24153333	-31.38011282	-23.48980689	-9.830869258	3.316122098
-287	13.51442948	-2.08509106	-19.9127605	-37.66210287	-28.86585033	-21.03357067	-7.475082531	5.575224249
-286	13.82593265	-1.855210604	-19.77588343	-37.6177397	-28.88665513	-21.11240174	-7.654363092	5.299259112
-285	14.03843265	-1.670973316	-19.62384953	-37.52756424	-28.86164763	-21.14542051	-7.787831357	5.06910627
-284	13.51935758	-2.24340838	-20.2570846	-38.2212793	-29.65610269	-22.02957557	-8.827266421	3.880211206
-283	12.62273455	-3.193391412	-21.26786763	-39.29254233	-30.82810572	-23.29127861	-10.24424945	2.313768174
-282	10.72709414	-5.14239182	-23.27766804	-41.36282274	-32.99912613	-25.55199901	-12.66024986	-0.251692234
-281	8.922659144	-7.00018682	-25.19626304	-43.34189774	-35.07894113	-27.72151401	-14.98504486	-2.725947234
-280	8.10928756	-7.866918404	-26.12379462	-44.32990933	-36.16769272	-28.8999656	-16.31877644	-4.209138818
-279	12.32178756	-3.682681115	-21.97176072	-40.20990933	-32.01212068	-24.71271983	-12.07670017	0.085712877
-278	12.81428756	-3.218443827	-21.53972682	-39.80990933	-31.57654865	-24.24547407	-11.5546239	0.660564572
-277	12.98678756	-3.074206539	-21.42769293	-39.72990933	-31.46097661	-24.09822831	-11.35254763	0.915416267
-276	13.11928756	-2.969969251	-21.35565903	-39.68990933	-31.38540458	-23.99098255	-11.19047136	1.130267962
-275	13.11928756	-2.969969251	-21.35565903	-39.68990933	-31.38540458	-23.99098255	-11.19047136	1.130267962
-274	12.69672054	-3.445896267	-21.89238604	-40.28711634	-32.0833516	-24.77862956	-12.13339838	0.037880946
-273	13.76797054	-2.445303047	-20.9723013	-39.44711634	-31.15797871	-23.77723973	-11.00041533	1.297525014
-272	14.03922054	-2.244709826	-20.85221655	-39.40711634	-31.03260583	-23.5758499	-10.66743227	1.757169082
-271	13.48037568	-2.85691469	-21.52522142	-40.14060121	-31.8668307	-24.49977477	-11.74663714	0.528504218
-270	11.54390494	-4.846745426	-23.57585215	-42.25171194	-34.07868143	-26.8013255	-14.20346787	-2.077786518
-269	12.60101259	-3.913654558	-22.78406976	-41.60049429	-33.4428309	-26.17915802	-13.60498718	-1.502104802
-268	12.60101259	-3.913654558	-22.78406976	-41.60049429	-33.4428309	-26.17915802	-13.60498718	-1.502104802
-267	10.14064102	-6.427386126	-25.35860133	-44.23550586	-36.17858247	-29.00460959	-16.58571874	-4.63229637
-266	7.323401784	-9.297985366	-28.29000057	-47.2273851	-39.27120171	-32.18692883	-19.92331798	-8.11935561
-265	4.982339616	-11.69240753	-30.74522273	-49.74308727	-41.88764388	-34.893071	-22.78474015	-11.13023778
-264	3.537953872	-13.19015328	-32.30376848	-51.36211301	-43.60740962	-36.70253674	-24.7494859	-13.24444352
-263	2.949944488	-13.83152266	-33.00593786	-52.1247624	-44.47079901	-37.65562613	-25.85785528	-14.50227291
-262	2.949944488	-13.83152266	-33.00593786	-52.17102512	-44.61780173	-37.89232885	-26.249838	-15.04371563
-261	2.623355256	-14.21147189	-33.44668709	-52.67225435	-45.21977096	-38.58399808	-27.09678723	-16.04012486
-260	2.623355256	-14.21147189	-33.44668709	-52.67225435	-45.21977096	-38.58399808	-27.09678723	-16.04012486
-259	2.562958552	-14.3252286	-33.6212438	-52.90729105	-45.55554766	-39.00947478	-27.67754394	-16.77034156
-258	2.562958552	-14.3252286	-33.6212438	-52.90729105	-45.55554766	-39.00947478	-27.67754394	-16.77034156
-257	4.481665199	-12.54941822	-32.00825376	-51.45626441	-43.9344867	-37.23701339	-25.64299271	-14.48352381
-256	4.481665199	-12.54941822	-32.00825376	-51.45626441	-43.9344867	-37.23701339	-25.64299271	-14.48352381
-255	4.481665199	-12.54941822	-32.00825376	-51.45626441	-43.9344867	-37.23701339	-25.64299271	-14.48352381
-254	5.523377718	-11.65060197	-31.27225785	-50.88223189	-43.19041985	-36.34154613	-24.48543562	-13.07370019
-253	6.054839109	-11.26203685	-31.04651307	-50.8184505	-42.95660414	-35.95632999	-23.83812965	-12.1741277
-252	6.054839109	-11.26203685	-31.04651307	-50.8184505	-42.95660414	-35.95632999	-23.83812965	-12.1741277
-251	6.054839109	-11.26203685	-31.04651307	-50.8184505	-42.95660414	-35.95632999	-23.83812965	-12.1741277
-250	6.5863005	-10.87347173	-30.82076829	-50.75466911	-42.72278843	-35.57111385	-23.19082368	-11.27455521
-249	11.13598953	-6.466678978	-26.57679587	-46.67266008	-38.47074508	-31.16767008	-18.52529008	-6.356755078
-248	11.13598953	-6.466678978	-26.57679587	-46.67266008	-38.47074508	-31.16767008	-18.52529008	-6.356755078
-247	11.13598953	-6.466678978	-26.57679587	-46.67266008	-38.47074508	-31.16767008	-18.52529008	-6.356755078
-246	11.13598953	-6.466678978	-26.57679587	-46.67266008	-38.47074508	-31.16767008	-18.52529008	-6.356755078
-245	11.13598953	-6.466678978	-26.57679587	-46.67266008	-38.47074508	-31.16767008	-18.52529008	-6.356755078
-244	10.10081317	-7.555215338	-27.72613223	-47.88247644	-39.78130144	-32.56792644	-20.08082644	-8.061751438
-243	10.10081317	-7.555215338	-27.72613223	-47.88247644	-39.78130144	-32.56792644	-20.08082644	-8.061751438
-242	10.10081317	-7.555215338	-27.72613223	-47.88247644	-39.78130144	-32.56792644	-20.08082644	-8.061751438
-241	10.10081317	-7.555215338	-27.72613223	-47.88247644	-39.78130144	-32.56792644	-20.08082644	-8.061751438
-240	10.10081317	-7.555215338	-27.72613223	-47.88247644	-39.78130144	-32.56792644	-20.08082644	-8.061751438
-239	10.10081317	-7.555215338	-27.72613223	-47.88247644	-39.78130144	-32.56792644	-20.08082644	-8.061751438
-238	9.551396508	-8.157991998	-28.38970889	-48.6065331	-40.6060981	-33.4824231	-21.1506031	-9.280988098
-237	8.603145568	-9.159602938	-29.45211983	-49.72942404	-41.82972904	-34.79575404	-22.61921404	-10.89905904
-236	8.603145568	-9.159602938	-29.4944354	-49.83221961	-42.03326461	-35.08898961	-23.06772961	-11.49703461
-235	10.45807082	-7.447573954	-27.94522676	-48.44497435	-40.47598503	-33.38030961	-21.09695978	-9.273998251
-234	11.8186903	-6.22985075	-26.89032389	-47.55203488	-39.41301123	-32.16593539	-19.62049573	-7.545267675
-233	12.31826099	-5.873176326	-26.69646981	-47.52014418	-39.21108622	-31.81260995	-19.00508045	-6.677585877
-232	13.23241073	-5.10192286	-26.08803668	-47.07367445	-38.59458216	-31.04470546	-17.97508614	-5.395325038
-231	18.06911602	-0.408113844	-21.557048	-42.70464916	-34.05552255	-26.35424543	-13.02253628	-0.190508649
-230	24.0060503	5.385924168	-15.92583033	-37.23539487	-28.41623394	-20.5635564	-6.969757417	6.114536735
-229	24.0060503	5.385924168	-15.92583033	-37.23539487	-28.41623394	-20.5635564	-6.969757417	6.114536735
-228	23.50989677	4.836410633	-16.53614387	-37.90618841	-29.18776748	-21.42478994	-7.986270952	4.9485632
-227	27.10286493	8.286482524	-13.24889231	-34.78090025	-25.89244499	-17.97806703	-4.277458214	8.909642464
-226	27.72999841	8.77071973	-12.92747545	-34.62144677	-25.56295719	-17.4971788	-3.53448016	9.904887043
-225	28.64414814	9.541973196	-12.31904232	-34.17497703	-24.94645313	-16.72927432	-2.504485847	11.18714788
-224	30.30772923	11.06265801	-10.96117785	-32.97907595	-23.58051773	-15.21193849	-0.725060188	13.21884007
-223	30.30772923	11.06265801	-10.96117785	-32.97907595	-23.58051773	-15.21193849	-0.725060188	13.21884007
-222	30.30772923	11.06265801	-10.96117785	-32.97907595	-23.58051773	-15.21193849	-0.725060188	13.21884007
-221	30.80729992	11.41933243	-10.76732376	-32.94718526	-23.37859271	-14.85861305	-0.109644916	14.08652186
-220	32.39115426	12.8602905	-9.489186029	-31.83101091	-22.09238405	-13.42100396	1.590054003	16.03848731
-219	32.95450635	13.28074632	-9.231550552	-31.73533883	-21.82667764	-13.00389713	2.269250666	16.9699505
-218	32.95450635	13.28074632	-9.231550552	-31.73533883	-21.82667764	-13.00389713	2.269250666	16.9699505
-217	34.873213	15.05655669	-7.618560516	-30.28431218	-20.20561667	-11.23143574	4.303801889	19.25676825
-216	34.873213	15.05655669	-7.618560516	-30.28431218	-20.20561667	-11.23143574	4.303801889	19.25676825
-215	35.46845578	15.50890321	-7.329034344	-30.1567494	-19.90801957	-10.78243821	5.014889247	20.22012213
-214	36.38260552	16.28015667	-6.720601217	-29.71027966	-19.29151551	-10.01453373	6.044883561	21.50238297
-213	36.38260552	16.28015667	-6.720601217	-29.71027966	-19.29151551	-10.01453373	6.044883561	21.50238297
-212	37.32864595	17.08330083	-6.080277394	-29.23191923	-18.64312075	-9.214738548	7.10676857	22.8165345
-211	39.18357121	18.79532982	-4.531068749	-27.84467397	-17.08584117	-7.506058547	9.077538402	25.03957086
-210	39.18357121	18.79532982	-4.531068749	-27.84467397	-17.08584117	-7.506058547	9.077538402	25.03957086
-209	39.87448607	19.34334842	-4.14587049	-27.6214391	-16.69257198	-6.961388933	9.884297847	26.09859683
-208	39.87448607	19.34334842	-4.14587049	-27.6214391	-16.69257198	-6.961388933	9.884297847	26.09859683
-207	42.11209968	21.43806575	-2.213973499	-25.8515055	-14.75260406	-4.870020585	12.23775603	28.70432153
-206	48.55928509	27.74235489	3.927495303	-19.87200009	-8.603064326	1.430919572	18.80078601	35.51961805
-205	49.31398135	28.35415487	4.376474952	-19.58498383	-8.146013744	2.039370578	19.67132685	36.64242541
-204	51.26457869	30.16185595	6.021355684	-18.10206649	-6.49306208	3.843722665	21.73776877	38.96113385
-203	51.82793078	30.58231176	6.278991161	-18.0063944	-6.227355672	4.260829498	22.41696543	39.89259704
-202	51.82793078	30.58231176	6.278991161	-18.0063944	-6.227355672	4.260829498	22.41696543	39.89259704
-201	51.82793078	30.58231176	6.278991161	-18.0063944	-6.227355672	4.260829498	22.41696543	39.89259704
-200	51.82793078	30.58231176	6.278991161	-18.0063944	-6.227355672	4.260829498	22.41696543	39.89259704
-199	51.82793078	30.58231176	6.278991161	-18.0063944	-6.227355672	4.260829498	22.41696543	39.89259704
-198	52.32750147	30.93898619	6.472845246	-17.9745037	-6.025430654	4.614154939	23.0323807	40.76027884
-197	52.32750147	30.93898619	6.472845246	-17.9745037	-6.025430654	4.614154939	23.0323807	40.76027884
-196	53.6402849	32.10887335	7.479912067	-17.12940027	-5.010292901	5.780693116	24.46100871	42.44117337
-195	54.74577881	33.07147099	8.279689368	-16.49158636	-4.202444668	6.739941773	25.6823472	43.91477838
-194	54.74577881	33.07147099	8.279689368	-16.49158636	-4.202444668	6.739941773	25.6823472	43.91477838
-193	55.56425646	33.74705236	8.792450408	-16.14078871	-3.681612695	7.412174169	26.61666942	45.10136714
-192	55.56425646	33.74705236	8.792450408	-16.14078871	-3.681612695	7.412174169	26.61666942	45.10136714
-191	55.56425646	33.74705236	8.792450408	-16.14078871	-3.681612695	7.412174169	26.61666942	45.10136714
-190	55.56425646	33.74705236	8.792450408	-16.14078871	-3.681612695	7.412174169	26.61666942	45.10136714
-189	57.19594685	35.23584648	10.11842418	-14.97677833	-2.347567986	8.897619302	28.36420439	47.10116862
-188	59.16248954	37.0594929	11.77925026	-13.47791564	-0.678670975	10.71791674	30.44659165	49.43582242
-187	59.66206024	37.41616732	11.97310435	-13.44602494	-0.476745957	11.07124218	31.06200692	50.30350421
-186	59.66206024	37.41616732	11.97310435	-13.44602494	-0.476745957	11.07124218	31.06200692	50.30350421
-185	59.66206024	37.41616732	11.97310435	-13.44602494	-0.476745957	11.07124218	31.06200692	50.30350421
-184	60.25730302	37.86851383	12.26263052	-13.31846216	-0.179148853	11.52023971	31.77309428	51.2668581
-183	60.25730302	37.86851383	12.26263052	-13.31846216	-0.179148853	11.52023971	31.77309428	51.2668581
-182	60.25730302	37.86851383	12.26263052	-13.31846216	-0.179148853	11.52023971	31.77309428	51.2668581
-181	60.25730302	37.86851383	12.26263052	-13.31846216	-0.179148853	11.52023971	31.77309428	51.2668581
-180	60.25730302	37.86851383	12.26263052	-13.31846216	-0.179148853	11.52023971	31.77309428	51.2668581
-179	60.25730302	37.86851383	12.26263052	-13.31846216	-0.179148853	11.52023971	31.77309428	51.2668581
-178	60.25730302	37.86851383	12.26263052	-13.31846216	-0.179148853	11.52023971	31.77309428	51.2668581
-177	60.25730302	37.86851383	12.26263052	-13.31846216	-0.179148853	11.52023971	31.77309428	51.2668581
-176	60.75687371	38.22518826	12.45648461	-13.28657146	0.022776165	11.87356515	32.38850955	52.13453989
-175	62.59585362	39.9212719	13.9897479	-11.91527155	1.564110394	13.5662998	34.34333404	54.3416309
-174	63.15920571	40.34172771	14.24738338	-11.81959947	1.829816803	13.98340663	35.0225307	55.27309409
-173	63.15920571	40.34172771	14.24738338	-11.81959947	1.829816803	13.98340663	35.0225307	55.27309409
-172	66.09841461	43.13804034	16.88087567	-9.348070565	4.471380029	16.77637028	38.07758418	58.5804141
-171	66.629876	43.52660546	17.10662046	-9.284289174	4.705195742	17.16158642	38.72489015	59.47998659
-170	67.92671409	44.68054728	18.09774193	-8.45513109	5.704388147	18.31217925	40.13757281	61.14493577
-169	69.22355217	45.83448909	19.0888634	-7.625973006	6.703580553	19.46277208	41.55025547	62.80988496
-168	69.22355217	45.83448909	19.0888634	-7.625973006	6.703580553	19.46277208	41.55025547	62.80988496
-167	69.22355217	45.83448909	19.0888634	-7.625973006	6.703580553	19.46277208	41.55025547	62.80988496
-166	69.22355217	45.83448909	19.0888634	-7.625973006	6.703580553	19.46277208	41.55025547	62.80988496
-165	68.58337514	45.14095206	18.33452638	-8.440790031	5.788023528	18.45751505	40.38971844	61.49988793
-164	68.58337514	45.14095206	18.33452638	-8.440790031	5.788023528	18.45751505	40.38971844	61.49988793
-163	68.58337514	45.14095206	18.33452638	-8.440790031	5.788023528	18.45751505	40.38971844	61.49988793
-162	68.58337514	45.14095206	18.33452638	-8.440790031	5.788023528	18.45751505	40.38971844	61.49988793
-161	68.58337514	45.14095206	18.33452638	-8.440790031	5.788023528	18.45751505	40.38971844	61.49988793
-160	68.58337514	45.14095206	18.33452638	-8.440790031	5.788023528	18.45751505	40.38971844	61.49988793
-159	68.58337514	45.14095206	18.33452638	-8.440790031	5.788023528	18.45751505	40.38971844	61.49988793
-158	68.58337514	45.14095206	18.33452638	-8.440790031	5.788023528	18.45751505	40.38971844	61.49988793
-157	68.58337514	45.14095206	18.33452638	-8.440790031	5.788023528	18.45751505	40.38971844	61.49988793
-156	68.58337514	45.14095206	18.33452638	-8.440790031	5.788023528	18.45751505	40.38971844	61.49988793
-155	68.58337514	45.14095206	18.33452638	-8.440790031	5.788023528	18.45751505	40.38971844	61.49988793
-154	68.58337514	45.14095206	18.33452638	-8.440790031	5.788023528	18.45751505	40.38971844	61.49988793
-153	68.58337514	45.14095206	18.33452638	-8.440790031	5.788023528	18.45751505	40.38971844	61.49988793
-152	68.58337514	45.14095206	18.33452638	-8.440790031	5.788023528	18.45751505	40.38971844	61.49988793
-151	68.58337514	45.14095206	18.33452638	-8.440790031	5.788023528	18.45751505	40.38971844	61.49988793
-150	68.58337514	45.14095206	18.33452638	-8.440790031	5.788023528	18.45751505	40.38971844	61.49988793
-149	68.58337514	45.14095206	18.33452638	-8.440790031	5.788023528	18.45751505	40.38971844	61.49988793
-148	68.58337514	45.14095206	18.33452638	-8.440790031	5.788023528	18.45751505	40.38971844	61.49988793
-147	68.58337514	45.14095206	18.33452638	-8.440790031	5.788023528	18.45751505	40.38971844	61.49988793
-146	68.58337514	45.14095206	18.33452638	-8.440790031	5.788023528	18.45751505	40.38971844	61.49988793
-145	68.58337514	45.14095206	18.33452638	-8.440790031	5.788023528	18.45751505	40.38971844	61.49988793
-144	68.39657384	44.90079076	18.03356507	-8.802231336	5.325842223	17.90563375	39.68255714	60.64326663
-143	68.39657384	44.90079076	18.03356507	-8.802231336	5.325842223	17.90563375	39.68255714	60.64326663
-142	68.39657384	44.90079076	18.03356507	-8.802231336	5.325842223	17.90563375	39.68255714	60.64326663
-141	68.39657384	44.90079076	18.03356507	-8.802231336	5.325842223	17.90563375	39.68255714	60.64326663
-140	68.39657384	44.90079076	18.03356507	-8.802231336	5.325842223	17.90563375	39.68255714	60.64326663
-139	68.39657384	44.90079076	18.03356507	-8.802231336	5.325842223	17.90563375	39.68255714	60.64326663
-138	68.39657384	44.90079076	18.03356507	-8.802231336	5.325842223	17.90563375	39.68255714	60.64326663
-137	68.39657384	44.90079076	18.03356507	-8.802231336	5.325842223	17.90563375	39.68255714	60.64326663
-136	68.39657384	44.90079076	18.03356507	-8.802231336	5.325842223	17.90563375	39.68255714	60.64326663
-135	69.50206775	45.8633884	18.83334237	-8.164417426	6.133690456	18.8648824	40.90389563	62.11687164
-134	69.50206775	45.8633884	18.83334237	-8.164417426	6.133690456	18.8648824	40.90389563	62.11687164
-133	69.50206775	45.8633884	18.83334237	-8.164417426	6.133690456	18.8648824	40.90389563	62.11687164
-132	69.50206775	45.8633884	18.83334237	-8.164417426	6.133690456	18.8648824	40.90389563	62.11687164
-131	70.38432679	46.60275117	19.4098848	-7.749838384	6.71830382	19.60089619	41.90199924	63.36724179
-130	72.11168927	48.18721737	20.83153067	-6.49015591	8.148020615	21.18201341	43.74520629	65.46271536
-129	72.11168927	48.18721737	20.83153067	-6.49015591	8.148020615	21.18201341	43.74520629	65.46271536
-128	72.11168927	48.18721737	20.83153067	-6.49015591	8.148020615	21.18201341	43.74520629	65.46271536
-127	72.11168927	48.18721737	20.83153067	-6.49015591	8.148020615	21.18201341	43.74520629	65.46271536
-126	72.80260413	48.73523597	21.21672893	-6.266921042	8.541289806	21.72668303	44.55196574	66.52174133
-125	72.80260413	48.73523597	21.21672893	-6.266921042	8.541289806	21.72668303	44.55196574	66.52174133
-124	74.1951143	49.98484987	22.30352249	-5.342090871	9.636154298	22.97294794	46.06032048	68.2823626
-123	74.88602917	50.53286846	22.68872074	-5.118856003	10.02942349	23.51761756	46.86707993	69.34138857
-122	74.88602917	50.53286846	22.68872074	-5.118856003	10.02942349	23.51761756	46.86707993	69.34138857
-121	74.88602917	50.53286846	22.68872074	-5.118856003	10.02942349	23.51761756	46.86707993	69.34138857
-120	74.88602917	50.53286846	22.68872074	-5.118856003	10.02942349	23.51761756	46.86707993	69.34138857
-119	74.88602917	50.53286846	22.68872074	-5.118856003	10.02942349	23.51761756	46.86707993	69.34138857
-118	74.88602917	50.53286846	22.68872074	-5.118856003	10.02942349	23.51761756	46.86707993	69.34138857
-117	74.88602917	50.53286846	22.68872074	-5.118856003	10.02942349	23.51761756	46.86707993	69.34138857
-116	74.88602917	50.53286846	22.68872074	-5.118856003	10.02942349	23.51761756	46.86707993	69.34138857
-115	74.88602917	50.53286846	22.68872074	-5.118856003	10.02942349	23.51761756	46.86707993	69.34138857
-114	74.88602917	50.53286846	22.68872074	-5.118856003	10.02942349	23.51761756	46.86707993	69.34138857
-113	74.88602917	50.53286846	22.68872074	-5.118856003	10.02942349	23.51761756	46.86707993	69.34138857
-112	74.88602917	50.53286846	22.68872074	-5.118856003	10.02942349	23.51761756	46.86707993	69.34138857
-111	74.88602917	50.53286846	22.68872074	-5.118856003	10.02942349	23.51761756	46.86707993	69.34138857
-110	74.88602917	50.53286846	22.68872074	-5.118856003	10.02942349	23.51761756	46.86707993	69.34138857
-109	74.88602917	50.53286846	22.68872074	-5.118856003	10.02942349	23.51761756	46.86707993	69.34138857
-108	74.88602917	50.53286846	22.68872074	-5.118856003	10.02942349	23.51761756	46.86707993	69.34138857
-107	74.88602917	50.53286846	22.68872074	-5.118856003	10.02942349	23.51761756	46.86707993	69.34138857
-106	76.54961026	52.05355328	24.04658522	-3.92295492	11.39535889	25.03495338	48.64650559	71.37308076
-105	77.20863443	52.56968118	24.39989278	-3.731610747	11.75673739	25.5477323	49.42137434	72.40021603
-104	78.09089347	53.30904395	24.97643521	-3.317031705	12.34135075	26.28374609	50.41947796	73.65058618
-103	80.07338151	55.14863571	26.65320664	-1.802223668	14.02619311	28.11998887	52.51781057	76.00118532
-102	80.07338151	55.14863571	26.65320664	-1.802223668	14.02619311	28.11998887	52.51781057	76.00118532
-101	80.07338151	55.14863571	26.65320664	-1.802223668	14.02619311	28.11998887	52.51781057	76.00118532
-100	80.07338151	55.14863571	26.65320664	-1.802223668	14.02619311	28.11998887	52.51781057	76.00118532
-99	80.07338151	55.14863571	26.65320664	-1.802223668	14.02619311	28.11998887	52.51781057	76.00118532
-98	80.07338151	55.14863571	26.65320664	-1.802223668	14.02619311	28.11998887	52.51781057	76.00118532
-97	80.07338151	55.14863571	26.65320664	-1.802223668	14.02619311	28.11998887	52.51781057	76.00118532
-96	80.07338151	55.14863571	26.65320664	-1.802223668	14.02619311	28.11998887	52.51781057	76.00118532
-95	81.56156377	56.4939217	27.83567229	-0.781721411	15.21672969	29.46192588	54.1218374	77.85747867
-94	82.53949489	57.32895656	28.5078868	-0.271470283	15.89701514	30.29361175	55.21561311	79.2035209
-93	85.15979684	59.80636223	30.82247214	1.881151666	18.21967141	32.76766845	57.95175963	82.19193395
-92	85.78693032	60.29059944	31.14388901	2.040605143	18.54915921	33.24855667	58.69473769	83.18717853
-91	86.79675214	61.15752499	31.84799422	2.582746967	19.26133536	34.11213324	59.82040409	84.56511146
-90	86.79675214	61.15752499	31.84799422	2.568581237	19.14642963	33.90752751	59.46051836	84.05576573
-89	86.79675214	61.15752499	31.84799422	2.514361637	18.99147003	33.66286791	59.06057876	83.50636613
-88	88.06169953	62.27957611	32.807225	3.311629025	19.95877174	34.78157004	60.44137072	85.13942462
-87	89.62960853	63.70458883	34.06941739	4.411858021	21.22903506	36.20323378	62.12512429	87.07544472
-86	89.62960853	63.70458883	34.06941739	4.411858021	21.22903506	36.20323378	62.12512429	87.07544472
-85	88.70607168	62.72769198	33.03172054	3.313681171	20.03011821	34.91461693	60.68122744	85.48208787
-84	87.37816118	61.34642149	31.58965004	1.811130676	18.42682771	33.22162644	58.83295695	83.48435737
-83	86.43417129	60.3490716	30.53150015	0.692500786	17.20745782	31.91255655	57.36860706	81.87054748
-82	85.4386227	59.300163	29.42179156	-0.477687809	15.93652923	30.55192795	55.85269846	80.20517889
-81	84.97911419	58.7872945	28.84812305	-1.111836314	15.20164072	29.72733945	54.87282996	79.07585038
-80	84.97911419	58.7872945	28.84812305	-1.111836314	15.20164072	29.72733945	54.87282996	79.07585038
-79	85.98893602	59.65422005	29.55222827	-0.56969449	15.91381687	30.59091602	55.99849636	80.45378331
-78	85.98893602	59.65422005	29.55222827	-0.56969449	15.91381687	30.59091602	55.99849636	80.45378331
-77	85.98893602	59.65422005	29.55222827	-0.56969449	15.91381687	30.59091602	55.99849636	80.45378331
-76	86.48850671	60.01089448	29.74608235	-0.537803794	16.11574188	30.94424146	56.61391163	81.3214651
-75	86.48850671	60.01089448	29.74608235	-0.537803794	16.11574188	30.94424146	56.61391163	81.3214651
-74	86.98807741	60.3675689	29.93993644	-0.505913099	16.3176669	31.2975669	57.2293269	82.1891469
-73	86.98807741	60.3675689	29.93993644	-0.505913099	16.3176669	31.2975669	57.2293269	82.1891469
-72	87.4876481	60.72424333	30.13379052	-0.474022403	16.51959192	31.65089234	57.84474217	83.0568287
-71	87.4876481	60.72424333	30.13379052	-0.474022403	16.51959192	31.65089234	57.84474217	83.0568287
-70	87.4876481	60.72424333	30.13379052	-0.474022403	16.51959192	31.65089234	57.84474217	83.0568287
-69	87.4876481	60.72424333	30.13379052	-0.474022403	16.51959192	31.65089234	57.84474217	83.0568287
-68	87.4876481	60.72424333	30.13379052	-0.474022403	16.51959192	31.65089234	57.84474217	83.0568287
-67	87.4876481	60.72424333	30.13379052	-0.474022403	16.51959192	31.65089234	57.84474217	83.0568287
-66	89.0555571	62.14925605	31.39598291	0.626206592	17.78985524	33.07255608	59.52849574	84.9928488
-65	89.0555571	62.14925605	31.39598291	0.626206592	17.78985524	33.07255608	59.52849574	84.9928488
-64	89.55512779	62.50593047	31.58983699	0.658097288	17.99178025	33.42588153	60.14391102	85.86053059
-63	90.43738684	63.24529325	32.16637942	1.07267633	18.57639362	34.16189531	61.14201463	87.11090074
-62	90.93695753	63.60196767	32.36023351	1.104567025	18.77831864	34.51522075	61.75742991	87.97858253
-61	91.75543518	64.27754905	32.87299455	1.455364676	19.29915061	35.18745315	62.69175213	89.16517129
-60	91.75543518	64.27754905	32.87299455	1.455364676	19.29915061	35.18745315	62.69175213	89.16517129
-59	91.75543518	64.27754905	32.87299455	1.455364676	19.29915061	35.18745315	62.69175213	89.16517129
-58	92.47824075	64.85745834	33.2900835	1.71049024	19.72431049	35.76401346	63.53040227	90.25608795
-57	92.47824075	64.85745834	33.2900835	1.71049024	19.72431049	35.76401346	63.53040227	90.25608795
-56	92.47824075	64.85745834	33.2900835	1.71049024	19.72431049	35.76401346	63.53040227	90.25608795
-55	93.2648277	65.50114903	33.77095385	2.029397196	20.21325177	36.40435516	64.43283381	91.41078601
-54	93.25443387	65.43739519	33.64640001	1.844363361	19.92747794	36.02888133	63.90207997	90.73057217
-53	92.86821542	64.99781675	33.14602157	1.283504916	19.26587949	35.27758288	62.99550153	89.67453373
-52	92.17264475	64.24888607	32.33629089	0.413294241	18.29492882	34.21693221	61.77957085	88.30914305
-51	91.90744012	63.93032145	31.95692627	-0.026550384	17.75434419	33.58664758	60.99400623	87.37411843
-50	92.24180651	64.06843156	31.87141605	-0.334503998	17.5156849	33.40968871	60.92385719	87.40677592
-49	93.72998877	65.41371755	33.05388169	0.685998259	18.70622148	34.75162572	62.52788402	89.26306928
-48	96.21085424	67.69832675	35.11487056	2.524543737	20.61406128	36.72116594	64.60423408	91.44222586
-47	101.5897014	72.93427759	40.18800106	7.435710848	25.69526271	41.9537678	70.09892576	97.18918407
-46	102.4719604	73.67364036	40.76454349	7.85028989	26.27987608	42.68978158	71.09702938	98.43955421
-45	102.4719604	73.67364036	40.76454349	7.85028989	26.27987608	42.68978158	71.09702938	98.43955421
-44	103.2585474	74.31733105	41.24541384	8.169196845	26.76881735	43.33012329	71.99946091	99.59425227
-43	104.2364785	75.15236591	41.91762836	8.679447974	27.4491028	44.16180916	73.09323662	100.9402945
-42	104.2364785	75.15236591	41.91762836	8.679447974	27.4491028	44.16180916	73.09323662	100.9402945
-41	104.2364785	75.15236591	41.91762836	8.679447974	27.4491028	44.16180916	73.09323662	100.9402945
-40	105.4057538	76.17874494	42.78118705	9.33662409	28.17557324	44.94998002	73.98821731	101.9380817
-39	106.0328873	76.6580308	43.03685257	9.369846223	28.2780897	45.1141969	74.25924402	102.311915
-38	104.5784236	75.15020712	41.46822889	7.740742543	26.54824602	43.29465322	72.28442034	100.1876313
-37	103.3864406	73.90486412	40.16208589	6.374119543	25.08088302	41.73759022	70.57207734	98.32582827
-36	103.3864406	73.90486412	40.16208589	6.374119543	25.08088302	41.73759022	70.57207734	98.32582827
-35	103.7758807	74.16614054	40.27732867	6.344097273	25.03642449	41.68027748	70.49251264	98.22484563
-34	104.7307032	74.99752372	40.9626782	6.884181763	25.56207271	42.19307151	70.9830547	98.69396974
-33	104.7307032	74.98451055	40.88886503	6.749888587	25.32703954	41.86833833	70.50304152	98.06449657
-32	104.7307032	74.98451055	40.88886503	6.690758062	25.16716901	41.61876781	70.098191	97.51018604
-31	105.2255256	75.40452924	41.22365007	6.900532258	25.36250695	41.80125153	70.25842276	97.64899987
-30	106.4074848	76.4583247	42.13141189	7.66302903	26.11056746	42.53645784	70.97137711	98.34053626
-29	107.9523072	77.92053917	43.44759272	8.833944807	27.26704697	43.68008315	72.09275045	99.44049167
-28	107.5755693	77.49044129	42.95669484	8.282566927	26.61492909	42.93826527	71.19565257	98.39393379
-27	106.7968043	76.58351249	41.9037324	7.084339439	25.40226534	41.71274731	69.94788266	97.12474593
-26	104.9915332	74.65007762	39.82426388	4.859605875	23.16309552	39.46072328	67.67360666	94.82905199
-25	104.9521998	74.48258049	39.5107331	4.400810049	22.68986343	38.97463699	67.16526841	94.29929579
-24	105.9570222	75.41259918	40.35551815	5.144207276	23.4188244	39.69074375	67.8591232	94.97173264
-23	106.6218446	76.00261787	40.82808198	5.471506059	23.73168692	39.99075206	68.13687956	95.22807105
-22	107.4366671	76.74263656	41.48286702	6.029118947	24.27486354	40.52107448	68.64495001	95.71472356
-21	106.7616566	75.93946241	40.53365922	4.934646102	23.16595444	39.39931117	67.50093474	94.54929034
-20	107.1964791	76.28896123	40.7371244	4.992846231	23.2097183	39.43022083	67.50959244	94.5365301
-19	107.0435154	76.00783385	40.30996337	4.420420157	22.62285597	38.83050429	66.88762394	93.89314365
-18	107.0435154	75.98742928	40.22875881	4.278735595	22.38043141	38.49837973	66.40021937	93.25627909
-17	106.6683679	75.484118	39.57941388	3.484125618	21.57138517	37.67647929	65.55606697	92.39070874
-16	105.5440635	74.2316499	38.18091214	1.940358831	20.01318212	36.10542203	63.96275775	90.77598158
-15	104.2372623	72.87148865	36.75995088	0.458917574	18.43100086	34.43354077	62.13559649	88.79936032
-14	104.7020847	73.26150734	37.06473593	0.656561931	18.61420896	34.60389467	62.28369842	88.9260443
-13	105.1613555	73.59261444	37.24980939	0.696370344	18.63958111	34.61641261	62.2739644	88.89489234
-12	107.506178	75.86263313	39.41359925	2.714895162	20.64366966	36.60764696	64.24294679	90.84245679
-11	107.4348985	75.73799363	39.22815976	2.468975664	20.29701017	36.17128746	63.65130729	90.10135729
-10	106.7538576	75.00359277	38.43295889	1.613294798	19.3405893	35.1251666	62.44990643	88.75049642
-9	105.3865099	73.58288504	36.95145116	0.071307072	17.69786157	33.39273887	60.5621987	86.7133287
-8	106.4313323	74.55290373	37.83623621	0.871307072	18.48342531	34.1654484	61.31265627	87.44236832
-7	106.4313323	74.50893412	37.7314666	0.706057462	18.2174357	33.80975879	60.80168666	86.78193871
-6	106.4313323	74.50893412	37.6823569	0.596467765	18.00710601	33.5097291	60.34637696	86.17716902
-5	105.1617155	73.18595735	36.29858013	-0.847789013	16.46210923	31.87503232	58.55640019	84.23773224
-4	104.1289529	72.09983468	35.15165746	-2.055191678	15.15396656	30.47718965	57.00327752	82.53514957
-3	102.3222726	70.2397944	33.23081718	-4.036511956	13.07190628	28.30542938	54.67623724	80.0586493
-2	100.3762688	68.24043064	31.17065342	-6.157155717	10.85052252	25.99434562	52.20987348	77.44282554
-1	97.20863417	65.01943599	27.88885877	-9.499430368	7.407507873	22.46163096	48.52187883	73.60537088
0	97.7434566	65.46711755	28.19050669	-9.343047499	7.549454481	22.59072337	48.62871927	73.69079338
1	97.48672901	65.15702997	27.8196191	-9.774415086	7.017346893	21.96891578	47.85163168	72.76424579
2	97.32149834	64.93843929	27.54022843	-10.11428576	6.576736222	21.43860511	47.16604101	71.92919512
3	96.73096285	64.29454381	26.83553294	-10.87946125	5.710820734	20.48298962	46.05514552	70.66883963
4	95.47356672	62.98378767	25.4639768	-12.31149738	4.178044598	18.86051348	44.27738939	68.7416235
5	92.81614955	60.27301051	22.69239964	-15.14355454	1.245247435	15.83801632	41.09961222	65.41438633
6	91.39096566	58.79446661	21.15305575	-16.74337844	-0.45531646	14.04775243	39.15406833	63.31938244
7	86.67899235	54.0291333	16.32692243	-21.62999175	-5.442669774	8.970699112	33.92173502	57.93758913
8	84.63239759	51.85437481	14.0061303	-24.09604894	-7.923163219	6.477351461	31.4061354	55.40057157
9	80.60558203	47.77419925	9.865154738	-28.29750449	-12.22535878	2.085455903	26.85895984	50.70393601
10	77.46950295	44.58476017	6.614915656	-31.60822358	-15.63681786	-1.415703179	23.20252076	46.89803693
11	74.46502217	41.52691938	3.496274871	-34.78734436	-18.91667864	-4.785263964	19.67767998	43.22373614
12	69.00751736	36.01605457	-2.075389939	-40.41948917	-24.64956345	-10.60784877	13.69981517	37.09641133
13	70.43233979	37.36607326	-0.810604893	-39.23948917	-23.48399972	-9.455139242	14.83027274	38.20545096
14	69.06591759	35.87148733	-2.45122447	-41.0253738	-25.2843206	-11.26831433	12.99484568	36.34860596
15	69.06591759	35.87148733	-2.507062108	-41.14169143	-25.50137824	-11.57507197	12.53280805	35.73710832
16	68.16124628	34.91345602	-3.525893421	-42.22100275	-26.68142955	-12.84482328	11.10777673	34.16261701
17	70.82606871	37.50347471	-1.068757878	-39.90913225	-24.38399532	-10.56024325	13.3701048	36.40352713
18	71.39089114	37.99255522	-0.725711014	-39.71135043	-24.20064976	-10.3897519	13.51834419	36.53034858
19	72.17571357	38.68211988	-0.182179994	-39.31308446	-23.81682005	-10.0187764	13.86706773	36.85765418
20	72.840536	39.2400666	0.229733077	-39.04643644	-23.56460829	-9.779418842	14.08417332	37.05334183
21	73.66535843	39.99008529	0.879844236	-38.54159032	-23.07419844	-9.301863197	14.53947701	37.48722756
22	74.19018086	40.44010398	1.244629283	-38.29348277	-22.84052714	-9.081046108	14.73804213	37.66437475
23	75.27500329	41.45012267	2.16941433	-37.48323043	-22.04471106	-8.298084233	15.49875204	38.40366671
24	75.54982572	41.65014136	2.261178848	-37.53673095	-22.11264785	-8.378875229	15.39570909	38.27920581
25	76.29464815	42.32016006	2.822775403	-37.12039945	-21.71075261	-7.989834188	15.76249816	38.62457695
26	76.75947058	42.71017875	3.12756045	-36.94915248	-21.5539419	-7.845877691	15.8842027	38.72486354
27	77.18429301	43.06019744	3.392345497	-36.77622242	-21.3954481	-7.700238094	16.00759033	38.82683323
28	77.68911544	43.49021613	3.737130543	-36.51958208	-21.15324403	-7.470888224	16.21468824	39.01251319
29	78.22393787	43.95023482	4.11191559	-36.23659815	-20.88469636	-7.215194763	16.44812974	39.22453675
30	78.7187603	44.37025351	4.446700637	-35.99235182	-20.65488629	-6.998238901	16.64283364	39.3978227
31	77.00626772	42.60440094	2.620048061	-37.8794844	-22.64275887	-9.075811477	14.40998106	37.01551013
32	76.49648482	42.04125804	1.996105162	-38.5639073	-23.42792177	-9.950674376	13.37983816	35.83590723
33	75.8113914	41.30280462	1.196851738	-39.42364072	-24.38839519	-11.0008478	12.17438474	34.4809938
34	72.45537565	37.89342887	-2.273324012	-42.95429647	-28.01979094	-14.72194355	8.298008989	30.45515805
35	69.3486171	34.73331032	-5.494242557	-46.23569502	-31.40192949	-18.19378209	4.670890444	26.67857951
36	65.33492447	30.66625768	-9.622095195	-50.42402765	-35.69100212	-22.57255473	0.136837806	21.99506687
37	61.57885583	26.85682904	-13.49232383	-54.35473629	-39.72245076	-26.69370337	-4.139590833	17.56917823
38	62.33222208	27.48203156	-13.01315496	-54.02083247	-39.4029832	-26.38709001	-3.855229437	17.83212168
39	62.66523212	27.68687786	-12.9543423	-54.10728486	-39.50387185	-26.50083287	-3.991224256	17.67470892
40	63.04005455	27.98689656	-12.79701782	-54.09522542	-39.50624868	-26.5160639	-4.028707251	17.61580798
41	63.01440404	27.90788604	-12.93682834	-54.29551594	-39.80727919	-26.90679442	-4.574717765	16.92033747
42	60.97524588	25.81536788	-15.09014649	-56.50931409	-42.12181735	-29.31103258	-7.134235924	14.21135931
43	58.33973506	23.12649706	-17.83981732	-59.31946492	-45.03270817	-32.3116234	-10.29010674	10.90602849
44	54.94068112	19.67408312	-21.35303126	-62.89315886	-48.70714211	-36.07575734	-14.20952069	6.837154543
45	52.51980186	17.19984386	-23.88807052	-65.48867812	-51.40340137	-38.8617166	-17.15075995	3.746455282
46	48.9802625	13.6069445	-27.54176988	-69.20285748	-55.21832073	-42.76633596	-21.21065931	-0.462904077
47	45.48184423	10.05516623	-31.15434814	-72.87591574	-58.992119	-46.62983422	-25.22943757	-4.631142342
48	40.8931077	5.413069703	-35.85724467	-77.63929227	-63.85623553	-51.58365075	-30.3385341	-9.889698872
49	34.57740809	-0.955989907	-42.28710428	-84.12963188	-70.44731514	-58.26443036	-37.17459371	-16.87521848
50	28.72726295	-6.85949505	-48.25140943	-90.15441703	-76.57284028	-64.47965551	-43.54509886	-23.39518362
51	23.12587745	-12.51424055	-53.96695493	-95.93044253	-82.44960578	-70.44612101	-49.66684436	-29.66638913
52	17.90739147	-17.78608653	-59.29960091	-101.3235685	-87.94347177	-76.02968699	-55.40569034	-35.55469511
53	12.92129268	-22.82554532	-64.39985969	-106.4843073	-93.20495055	-81.38086577	-60.91214912	-41.21061389
54	7.442731671	-28.35746633	-69.99258071	-112.1375083	-98.95889156	-87.22450679	-66.91107013	-47.3589949
55	2.158985703	-33.6945723	-75.39048667	-117.5958943	-104.5180175	-92.87333275	-72.7151761	-53.31256087
56	-3.941052908	-39.84797091	-81.60468528	-123.8705729	-110.8934361	-99.33845136	-79.33557471	-60.08241948
57	-6.785123312	-42.82020505	-84.72295307	-127.1341057	-114.1714052	-102.6292747	-82.64864998	-63.41691269
58	-6.310300882	-42.42018636	-84.40816802	-126.9508589	-114.0025947	-102.4733183	-82.5149456	-63.30462626
59	-6.337421206	-42.50066668	-84.54944835	-127.1526192	-114.305095	-102.8655187	-83.06242593	-64.00156658
60	-6.588864866	-42.80547034	-84.91505201	-127.5787029	-114.8319187	-103.4820423	-83.83422959	-64.92283024
61	-8.684731898	-44.95469737	-87.12507904	-129.8492099	-117.2031657	-105.9429893	-86.45045662	-67.68851727
62	-11.70338459	-48.02671006	-90.25789173	-133.0425026	-120.4971984	-109.326722	-89.98946931	-71.37698996
63	-15.54419571	-51.92088119	-94.21286285	-137.0579537	-124.6133895	-113.5326132	-94.35064043	-75.88762109
64	-18.90838836	-55.33843384	-97.69121551	-140.5967864	-128.2529622	-117.2618858	-98.23519308	-79.92163374
65	-21.38583417	-57.86923965	-100.2828213	-143.2488722	-131.005788	-120.1044116	-101.2329989	-83.06889955
66	-23.87527049	-60.41203597	-102.8864176	-145.9129485	-133.7706043	-122.9589279	-104.2427952	-86.22815587
67	-26.35170547	-62.94183095	-105.4770126	-148.5640235	-136.5224193	-125.8004429	-107.2395902	-89.37441085
68	-28.02497068	-64.66845615	-107.2644378	-150.4119287	-138.4710645	-127.8387881	-109.4332154	-91.71749605
69	-29.76909068	-66.46593615	-109.1227178	-152.3306887	-140.4905645	-129.9479881	-111.6976954	-94.13143605
70	-32.90074259	-69.65094806	-112.3685297	-155.6369806	-143.8975964	-133.44472	-115.3497073	-97.93290796
71	-36.9311999	-73.73476538	-116.513147	-159.8420779	-148.2034337	-137.8402573	-119.9005246	-102.6331853
72	-40.36461992	-77.22154539	-120.0607271	-163.4501379	-151.9122337	-141.6387574	-123.8543046	-106.7364253
73	-43.22364443	-80.1339299	-123.0339116	-166.4838025	-155.0466382	-144.8628619	-127.2336891	-110.2652698
74	-44.81059872	-81.84904794	-124.8950632	-168.4902192	-157.0674912	-146.8965691	-129.2896483	-112.3426469
75	-47.01292498	-84.10473419	-127.2115495	-170.8671854	-159.5451975	-149.4639753	-132.0123346	-115.2147932
76	-49.64885789	-86.79402711	-129.9616424	-173.6777584	-162.4565104	-152.4649882	-135.1686275	-118.5205461
77	-51.09578717	-88.29431638	-131.5227317	-175.2993276	-164.1788197	-154.2769975	-137.1359167	-120.6372953
78	-53.96159682	-91.21348603	-134.5027013	-178.3397773	-167.3200093	-157.5078872	-140.5220864	-124.172925
79	-54.38712433	-91.76717729	-135.2024262	-179.1847672	-168.1794355	-158.3801676	-141.4166188	-125.0888753
80	-53.82538766	-91.33360435	-134.914887	-179.042493	-168.0515975	-158.2651838	-141.323887	-125.0175614
81	-52.78056523	-90.36358566	-134.0879284	-178.3607995	-167.3843403	-157.6107807	-140.6917359	-124.4068283
82	-52.78056523	-90.38097954	-134.1661223	-178.4994733	-167.6237542	-157.9398946	-141.1761297	-125.0406822
83	-52.78056523	-90.38097954	-134.2083084	-178.6021394	-167.8271603	-158.2330007	-141.6245158	-125.6385283
84	-52.78056523	-90.38097954	-134.259563	-178.7138741	-168.0396349	-158.5351754	-142.0819705	-126.2454429
85	-52.78056523	-90.38097954	-134.2658915	-178.7806826	-168.2071834	-158.7924239	-142.494499	-126.8074314
86	-52.80193719	-90.4557115	-134.4014235	-178.9766945	-168.5039354	-159.1788758	-143.0362309	-127.4986234
87	-52.87331853	-90.58045284	-134.5869648	-179.2227159	-168.8506967	-159.6153372	-143.6279723	-128.2398247
88	-52.87331853	-90.58045284	-134.5869648	-179.2382887	-168.9670095	-159.8213499	-143.9892651	-128.7505775
89	-52.87331853	-90.58045284	-134.5869648	-179.2615457	-169.0910065	-160.035047	-144.3582421	-129.2690145
90	-52.87331853	-90.58045284	-134.5869648	-179.2957796	-169.2259804	-160.2597209	-144.738196	-129.7984284
91	-52.87331853	-90.58045284	-134.5869648	-179.3167848	-169.3477256	-160.4711661	-145.1049212	-130.3146136
92	-52.87331853	-90.58045284	-134.5869648	-179.3770892	-169.50877	-160.7219105	-145.5109456	-130.870098
93	-52.87331853	-90.58045284	-134.5869648	-179.432618	-169.6650388	-160.9678793	-145.9121944	-131.4208068
94	-52.87331853	-90.58045284	-134.6354152	-179.5415484	-169.8747093	-161.2672497	-146.3668448	-132.0249173
95	-52.87331853	-90.58045284	-134.6826967	-179.64931	-170.0832108	-161.5654512	-146.8203264	-132.6278588
96	-52.87331853	-90.59400447	-134.7570484	-179.7841416	-170.3187824	-161.8907229	-147.300878	-133.2578704
97	-52.87331853	-90.59400447	-134.7797119	-179.8672851	-170.5026659	-162.1643063	-147.7297415	-133.8361939
98	-51.92382902	-89.77267869	-134.1044197	-179.337258	-169.9870751	-161.6615697	-147.2492568	-133.3771272
99	-49.64900659	-87.57266	-131.9896347	-177.3564602	-168.0207135	-159.7080624	-145.3180014	-131.4672898
100	-49.64900659	-87.57266	-132.0106374	-177.4379429	-168.2029363	-159.9799851	-145.7452042	-132.0439525
101	-49.64900659	-87.57266	-132.0412927	-177.5290782	-168.3948116	-160.2615604	-146.1820595	-132.6302678
102	-49.64900659	-87.57266	-132.0412927	-177.5571434	-168.5236168	-160.4800656	-146.5558447	-133.153513
103	-49.64900659	-87.58623211	-132.1156648	-177.6919955	-168.7592089	-160.8053578	-147.0364168	-133.7835451
104	-49.64900659	-87.60949638	-132.1997291	-177.8365398	-169.0044932	-161.140342	-147.5266811	-134.4232694
105	-49.64900659	-87.61331303	-132.2643458	-177.9616365	-169.2303298	-161.4558787	-147.9974977	-135.043546
106	-49.65047028	-87.66813672	-132.3799695	-178.1377401	-169.5071735	-161.8224224	-148.5193214	-135.7148297
107	-49.65047028	-87.69327896	-132.4659117	-178.2841624	-169.7543357	-162.1592846	-149.0114637	-136.356432
108	-49.65047028	-87.69327896	-132.5185632	-178.3972938	-169.9682072	-162.4628561	-149.4703151	-136.9647434
109	-49.65047028	-87.69327896	-132.5562708	-178.4954815	-170.1671349	-162.7514837	-149.9142228	-137.5581111
110	-49.66074453	-87.75691322	-132.6807051	-178.6803958	-170.4527891	-163.126838	-150.4448571	-138.2382054
111	-48.58593949	-86.81027191	-131.8800974	-178.0250532	-169.8118828	-162.4987859	-149.8390569	-137.6538231
112	-48.70885807	-86.98655049	-132.117176	-178.3226118	-170.2101814	-162.9867844	-150.4823355	-138.4465617
113	-48.70885807	-86.98655049	-132.117176	-178.3226118	-170.2101814	-162.9867844	-150.4823355	-138.4465617
114	-48.70885807	-86.98655049	-132.117176	-178.3226118	-170.2101814	-162.9867844	-150.4823355	-138.4465617
115	-48.70885807	-86.98655049	-132.117176	-178.3226118	-170.2101814	-162.9867844	-150.4823355	-138.4465617
116	-48.70885807	-86.98655049	-132.117176	-178.3226118	-170.2101814	-162.9867844	-150.4823355	-138.4465617
117	-48.70885807	-86.98655049	-132.117176	-178.3226118	-170.2101814	-162.9867844	-150.4823355	-138.4465617
118	-47.7342066	-86.08466266	-131.2981973	-177.5861057	-169.3897253	-162.0915784	-149.4577294	-137.2974057
119	-47.7342066	-86.08466266	-131.2981973	-177.5861057	-169.3897253	-162.0915784	-149.4577294	-137.2974057
120	-47.7342066	-86.08466266	-131.2981973	-177.5861057	-169.3897253	-162.0915784	-149.4577294	-137.2974057
121	-47.7342066	-86.08466266	-131.2981973	-177.5861057	-169.3897253	-162.0915784	-149.4577294	-137.2974057
122	-47.87995904	-86.2837751	-131.5581097	-177.9064982	-169.8108578	-162.6024109	-150.1238419	-138.1129781
123	-48.06746941	-86.52464547	-131.8597801	-178.2686485	-170.2737482	-163.1550012	-150.8317122	-138.9703085
124	-48.06746941	-86.52464547	-131.8597801	-178.2686485	-170.2737482	-163.1550012	-150.8317122	-138.9703085
125	-47.7372607	-86.26720039	-131.6852441	-178.1765853	-170.0977349	-162.904238	-150.451549	-138.4655953
126	-47.7372607	-86.26720039	-131.6852441	-178.1765853	-170.0977349	-162.904238	-150.451549	-138.4655953
127	-47.7372607	-86.26720039	-131.6852441	-178.1765853	-170.0977349	-162.904238	-150.451549	-138.4655953
128	-47.13086223	-85.73356557	-131.2345184	-177.8083323	-169.6455319	-162.377285	-149.795196	-137.6846922
129	-46.7546219	-85.43008887	-131.0139508	-177.6702374	-169.423487	-162.0804901	-149.3690011	-137.1339474
130	-46.7546219	-85.43008887	-131.0139508	-177.6702374	-169.423487	-162.0804901	-149.3690011	-137.1339474
131	-46.7546219	-85.43008887	-131.0139508	-177.6702374	-169.423487	-162.0804901	-149.3690011	-137.1339474
132	-46.7546219	-85.43008887	-131.0139508	-177.6702374	-169.423487	-162.0804901	-149.3690011	-137.1339474
133	-46.7546219	-85.43008887	-131.0139508	-177.6702374	-169.423487	-162.0804901	-149.3690011	-137.1339474
134	-46.7546219	-85.43008887	-131.0139508	-177.6702374	-169.423487	-162.0804901	-149.3690011	-137.1339474
135	-46.7546219	-85.43008887	-131.0139508	-177.6702374	-169.423487	-162.0804901	-149.3690011	-137.1339474
136	-46.7546219	-85.43008887	-131.0139508	-177.6702374	-169.423487	-162.0804901	-149.3690011	-137.1339474
137	-46.89319018	-85.62201715	-131.266679	-177.9834457	-169.8374353	-162.5841384	-150.0279294	-137.9423356
138	-46.89319018	-85.62201715	-131.266679	-178.0411673	-169.9958969	-162.8323	-150.431371	-138.4952372
139	-46.89319018	-85.62201715	-131.266679	-178.0411673	-169.9958969	-162.8323	-150.431371	-138.4952372
140	-46.89319018	-85.62201715	-131.266679	-178.0411673	-169.9958969	-162.8323	-150.431371	-138.4952372
141	-46.89319018	-85.62201715	-131.266679	-178.0411673	-169.9958969	-162.8323	-150.431371	-138.4952372
142	-46.89319018	-85.62201715	-131.266679	-178.0411673	-169.9958969	-162.8323	-150.431371	-138.4952372
143	-46.89319018	-85.62201715	-131.266679	-178.0411673	-169.9958969	-162.8323	-150.431371	-138.4952372
144	-46.89319018	-85.62201715	-131.266679	-178.0411673	-169.9958969	-162.8323	-150.431371	-138.4952372
145	-46.89319018	-85.62201715	-131.266679	-178.0411673	-169.9958969	-162.8323	-150.431371	-138.4952372
146	-46.89319018	-85.62201715	-131.266679	-178.0411673	-169.9958969	-162.8323	-150.431371	-138.4952372
147	-46.89319018	-85.62201715	-131.266679	-178.0411673	-169.9958969	-162.8323	-150.431371	-138.4952372
148	-46.89319018	-85.62201715	-131.266679	-178.0411673	-169.9958969	-162.8323	-150.431371	-138.4952372
149	-46.89319018	-85.62201715	-131.266679	-178.0411673	-169.9958969	-162.8323	-150.431371	-138.4952372
150	-46.89319018	-85.62201715	-131.266679	-178.0411673	-169.9958969	-162.8323	-150.431371	-138.4952372
151	-47.63610018	-86.41828715	-132.123749	-178.9587173	-171.0141869	-163.94029	-151.694641	-139.9079672
152	-47.69861018	-86.53415715	-132.300419	-179.1958673	-171.3520769	-164.36788	-152.277511	-140.6402972
153	-47.69861018	-86.53415715	-132.300419	-179.1958673	-171.3520769	-164.36788	-152.277511	-140.6402972
154	-47.69861018	-86.53415715	-132.300419	-179.1958673	-171.3520769	-164.36788	-152.277511	-140.6402972
155	-47.69861018	-86.53415715	-132.300419	-179.1958673	-171.3520769	-164.36788	-152.277511	-140.6402972
156	-46.86205358	-85.77036419	-131.6195352	-178.5974561	-170.6697157	-163.6107688	-151.3909998	-139.6292361
157	-45.79533886	-84.7764131	-130.7084932	-177.7688869	-169.7571965	-162.6234995	-150.2743306	-138.3880168
158	-40.1254615	-79.17929937	-125.1942885	-172.3371549	-164.2415146	-157.0330676	-144.5544986	-132.5436349
159	-38.55239888	-77.67900039	-123.7768986	-171.0022378	-162.8226474	-155.5394505	-142.9314815	-130.7960677
160	-36.40394093	-75.60330608	-121.7841134	-169.0919253	-160.8283849	-153.470438	-140.733069	-128.4731053
161	-29.53724129	-68.80937007	-115.0730865	-162.4633711	-154.1158807	-146.6831838	-133.8164148	-121.4319011
162	-29.53724129	-68.80937007	-115.0730865	-162.4633711	-154.1158807	-146.6831838	-133.8164148	-121.4319011
163	-29.53724129	-68.80937007	-115.0730865	-162.4633711	-154.1158807	-146.6831838	-133.8164148	-121.4319011
164	-29.53724129	-68.80937007	-115.0730865	-162.4633711	-154.1158807	-146.6831838	-133.8164148	-121.4319011
165	-29.53724129	-68.80937007	-115.0730865	-162.4633711	-154.1158807	-146.6831838	-133.8164148	-121.4319011
166	-26.92846708	-66.2733595	-112.619985	-160.0927423	-151.661302	-144.153855	-131.157686	-118.6486223
167	-23.26096546	-62.67862152	-109.1081561	-156.6633862	-148.1479958	-140.5657989	-127.4402299	-114.8066161
168	-21.57282378	-61.06324347	-107.5756872	-155.21339	-146.6140496	-138.9571026	-125.7021337	-112.9439699
169	-15.67278829	-55.23597162	-101.8313244	-149.5514999	-140.8682095	-133.1365126	-119.7521436	-106.8694299
170	-5.537843175	-45.17379014	-91.85205202	-139.6547003	-130.8874599	-123.0810129	-109.567244	-96.55998023
171	-3.780654052	-43.48936466	-90.25053563	-138.1356566	-129.2844662	-121.4032693	-107.7601003	-94.62828656
172	-2.75997095	-42.54144519	-89.38552525	-137.3531189	-128.4179786	-120.4620316	-106.6894626	-93.43309891
173	-2.153572485	-42.00781036	-88.93479952	-136.9848659	-127.9657755	-119.9350786	-106.0331096	-92.6521959
174	1.375834251	-38.55116726	-85.56106551	-133.6936047	-124.5905643	-116.4851173	-102.4537484	-88.94828462
175	3.616355451	-36.3834097	-83.47621703	-131.6912289	-122.5042385	-114.3240416	-100.1632726	-86.53325887
176	3.900532532	-36.17199625	-83.34771268	-131.6451973	-122.3742569	-114.11931	-99.82914098	-86.07457725
177	4.875184007	-35.27010841	-82.52873393	-130.9086913	-121.5538009	-113.2241039	-98.80453496	-84.92542123
178	5.205392714	-35.01266334	-82.35419795	-130.816628	-121.3777876	-112.9733407	-98.42437171	-84.42070797
179	5.205392714	-35.01266334	-82.35419795	-130.816628	-121.3777876	-112.9733407	-98.42437171	-84.42070797
180	5.205392714	-35.01266334	-82.35419795	-130.816628	-121.3777876	-112.9733407	-98.42437171	-84.42070797
181	5.205392714	-35.01266334	-82.35419795	-130.816628	-121.3777876	-112.9733407	-98.42437171	-84.42070797
182	5.489569795	-34.8012499	-82.2256936	-130.7705964	-121.247806	-112.7686091	-98.09024008	-83.96202635
183	7.154695666	-33.20888767	-80.71624046	-129.343616	-119.7368756	-111.1829287	-96.37515967	-82.12239593
184	12.04203538	-28.39431159	-75.98457347	-124.6944217	-115.0037313	-106.3750344	-91.43786541	-77.06055167
185	20.03650987	-20.47260074	-68.14577171	-116.9380927	-107.1634523	-98.46000536	-83.39343637	-68.89157264
186	20.03650987	-20.47260074	-68.14577171	-116.9380927	-107.1634523	-98.46000536	-83.39343637	-68.89157264
187	24.02623287	-16.55564137	-64.31172144	-113.1865151	-103.3279247	-94.54972782	-79.35375883	-64.72734509
188	25.94453268	-14.71010519	-62.54909435	-111.5063608	-101.5638204	-92.71087346	-77.38550447	-62.63454073
189	27.74775343	-12.97964808	-60.90154633	-109.9412855	-99.91479508	-90.98709816	-75.53232917	-60.65681544
190	36.98508183	-3.815083318	-51.81989065	-100.9421025	-90.83166214	-81.82921522	-66.24504623	-51.24498249
191	37.31529054	-3.557638247	-51.64535467	-100.8500393	-90.65564889	-81.57845196	-65.86488298	-50.74026924
192	37.82962575	-3.116066671	-51.28669219	-100.5738495	-90.29550913	-81.14356221	-65.30059322	-50.05142948
193	38.25189771	-2.766558348	-51.02009296	-100.389723	-90.02743262	-80.8007357	-64.82836671	-49.45465298
194	38.25189771	-2.766558348	-51.02009296	-100.389723	-90.02743262	-80.8007357	-64.82836671	-49.45465298
195	38.25189771	-2.766558348	-51.02009296	-100.389723	-90.02743262	-80.8007357	-64.82836671	-49.45465298
196	38.25189771	-2.766558348	-51.02009296	-100.389723	-90.02743262	-80.8007357	-64.82836671	-49.45465298
197	38.25189771	-2.766558348	-51.02009296	-100.389723	-90.02743262	-80.8007357	-64.82836671	-49.45465298
198	38.25189771	-2.766558348	-51.02009296	-100.389723	-90.02743262	-80.8007357	-64.82836671	-49.45465298
199	38.25189771	-2.766558348	-51.02009296	-100.389723	-90.02743262	-80.8007357	-64.82836671	-49.45465298
200	38.25189771	-2.766558348	-51.02009296	-100.389723	-90.02743262	-80.8007357	-64.82836671	-49.45465298
201	38.25189771	-2.766558348	-51.02009296	-100.389723	-90.02743262	-80.8007357	-64.82836671	-49.45465298
202	38.25189771	-2.766558348	-51.02009296	-100.389723	-90.02743262	-80.8007357	-64.82836671	-49.45465298
203	38.25189771	-2.766558348	-51.02009296	-100.389723	-90.02743262	-80.8007357	-64.82836671	-49.45465298
204	39.89400777	-1.197211927	-49.53365563	-98.98575841	-88.53951802	-79.2380711	-63.13630211	-47.63803837
205	46.36943859	5.205455257	-43.21389753	-92.74847305	-82.21828265	-72.84208573	-56.61091674	-40.98810301
206	48.81710211	7.580355139	-40.92190674	-90.53895498	-79.92481459	-70.47386767	-54.11329868	-38.36593494
207	48.81710211	7.580355139	-40.92190674	-90.53895498	-79.92481459	-70.47386767	-54.11329868	-38.36593494
208	48.81710211	7.580355139	-40.92190674	-90.53895498	-79.92481459	-70.47386767	-54.11329868	-38.36593494
209	49.51556382	8.20605322	-40.37911775	-90.07863872	-79.38054833	-69.85485141	-53.36488242	-37.49296868
210	49.51556382	8.20605322	-40.37911775	-90.07863872	-79.38054833	-69.85485141	-53.36488242	-37.49296868
211	49.51556382	8.20605322	-40.37911775	-90.07863872	-79.38054833	-69.85485141	-53.36488242	-37.49296868
212	50.62831018	9.246035938	-39.42204413	-89.20403782	-78.42199743	-68.82155051	-52.20218152	-36.20571778
213	51.55693003	10.10189215	-38.649097	-88.51356342	-77.64757303	-67.97237611	-51.22360712	-35.10259339
214	51.55693003	10.10189215	-38.649097	-88.51356342	-77.64757303	-67.97237611	-51.22360712	-35.10259339
215	52.80777126	11.27996975	-37.5539285	-87.50086765	-76.55092725	-66.80098033	-49.92281134	-33.67724761
216	54.21972319	12.61915804	-36.2976493	-86.32706117	-75.29317078	-65.46847386	-48.46090487	-32.09079114
217	54.21972319	12.61915804	-36.2976493	-86.32706117	-75.29317078	-65.46847386	-48.46090487	-32.09079114
218	54.21972319	12.61915804	-36.2976493	-86.32706117	-75.29317078	-65.46847386	-48.46090487	-32.09079114
219	54.21972319	12.61915804	-36.2976493	-86.32706117	-75.29317078	-65.46847386	-48.46090487	-32.09079114
220	54.21972319	12.61915804	-36.2976493	-86.32706117	-75.29317078	-65.46847386	-48.46090487	-32.09079114
221	54.21972319	12.61915804	-36.2976493	-86.32706117	-75.29317078	-65.46847386	-48.46090487	-32.09079114
222	54.21972319	12.61915804	-36.2976493	-86.32706117	-75.29317078	-65.46847386	-48.46090487	-32.09079114
223	54.21972319	12.61915804	-36.2976493	-86.32706117	-75.29317078	-65.46847386	-48.46090487	-32.09079114
224	54.21972319	12.61915804	-36.2976493	-86.32706117	-75.29317078	-65.46847386	-48.46090487	-32.09079114
225	54.21972319	12.61915804	-36.2976493	-86.32706117	-75.29317078	-65.46847386	-48.46090487	-32.09079114
226	54.21972319	12.61915804	-36.2976493	-86.32706117	-75.29317078	-65.46847386	-48.46090487	-32.09079114
227	54.21972319	12.61915804	-36.2976493	-86.32706117	-75.29317078	-65.46847386	-48.46090487	-32.09079114
228	54.21972319	12.61915804	-36.2976493	-86.32706117	-75.29317078	-65.46847386	-48.46090487	-32.09079114
229	54.21972319	12.61915804	-36.2976493	-86.32706117	-75.29317078	-65.46847386	-48.46090487	-32.09079114
230	54.21972319	12.61915804	-36.2976493	-86.32706117	-75.29317078	-65.46847386	-48.46090487	-32.09079114
231	54.59596352	12.92263473	-36.07708169	-86.1889663	-75.0711259	-65.17167898	-48.03470999	-31.54004626
232	54.59596352	12.92263473	-36.07708169	-86.1889663	-75.0711259	-65.17167898	-48.03470999	-31.54004626
233	54.59596352	12.92263473	-36.07708169	-86.1889663	-75.0711259	-65.17167898	-48.03470999	-31.54004626
234	54.59596352	12.92263473	-36.07708169	-86.1889663	-75.0711259	-65.17167898	-48.03470999	-31.54004626
235	55.24839361	13.50230119	-35.58032433	-85.77468166	-74.57289127	-64.59869434	-47.33232536	-30.71311162
236	55.24839361	13.50230119	-35.58032433	-85.77468166	-74.57289127	-64.59869434	-47.33232536	-30.71311162
237	55.24839361	13.50230119	-35.58032433	-85.77468166	-74.57289127	-64.59869434	-47.33232536	-30.71311162
238	55.24839361	13.50230119	-35.58032433	-85.77468166	-74.57289127	-64.59869434	-47.33232536	-30.71311162
239	55.24839361	13.50230119	-35.58032433	-85.77468166	-74.57289127	-64.59869434	-47.33232536	-30.71311162
240	54.62518361	12.82573119	-36.31769433	-86.57253166	-75.47148127	-65.58698434	-48.47589536	-32.00614162
241	54.62518361	12.82573119	-36.31769433	-86.57253166	-75.47148127	-65.58698434	-48.47589536	-32.00614162
242	54.62518361	12.82573119	-36.31769433	-86.57253166	-75.47148127	-65.58698434	-48.47589536	-32.00614162
243	54.62518361	12.82573119	-36.31769433	-86.57253166	-75.47148127	-65.58698434	-48.47589536	-32.00614162
244	54.62518361	12.82573119	-36.31769433	-86.57253166	-75.47148127	-65.58698434	-48.47589536	-32.00614162
245	53.67527361	11.82246119	-37.38176433	-87.69708166	-76.69677127	-66.90197434	-49.94616536	-33.62587162
246	53.17131361	11.26514119	-37.99988433	-88.37568166	-77.47611127	-67.77101434	-50.97048536	-34.79965162
247	53.17131361	11.26514119	-37.99988433	-88.37568166	-77.47611127	-67.77101434	-50.97048536	-34.79965162
248	53.17131361	11.26514119	-37.99988433	-88.37568166	-77.47611127	-67.77101434	-50.97048536	-34.79965162
249	54.99755017	13.01861412	-36.32932049	-86.78759055	-75.80407016	-66.02422324	-49.09429425	-32.79891051
250	55.46585376	13.41415407	-36.01668963	-86.55743242	-75.48996203	-65.63536511	-48.57603612	-32.15610238
251	55.46585376	13.41415407	-36.01668963	-86.55743242	-75.48996203	-65.63536511	-48.57603612	-32.15610238
252	55.88812572	13.76366239	-35.7500904	-86.37330591	-75.22188552	-65.2925386	-48.10380961	-31.55932588
253	56.1723028	13.97507583	-35.62158605	-86.32727429	-75.0919039	-65.08780697	-47.76967799	-31.10064425
254	56.1723028	13.97507583	-35.62158605	-86.32727429	-75.0919039	-65.08780697	-47.76967799	-31.10064425
255	56.1723028	13.97507583	-35.62158605	-86.32727429	-75.0919039	-65.08780697	-47.76967799	-31.10064425
256	56.1723028	13.97507583	-35.62158605	-86.32727429	-75.0919039	-65.08780697	-47.76967799	-31.10064425
257	56.1723028	13.97507583	-35.64300605	-86.40917429	-75.2745439	-65.36014697	-48.19729799	-31.67772425
258	55.8037928	13.55320583	-36.12567605	-86.95232429	-75.9184339	-66.09373697	-49.08616799	-32.71605425
259	55.8037928	13.55320583	-36.12567605	-86.95232429	-75.9184339	-66.09373697	-49.08616799	-32.71605425
260	55.8037928	13.55320583	-36.12567605	-86.95232429	-75.9184339	-66.09373697	-49.08616799	-32.71605425
261	55.8037928	13.55320583	-36.12567605	-86.95232429	-75.9184339	-66.09373697	-49.08616799	-32.71605425
262	55.8037928	13.55320583	-36.12567605	-86.95232429	-75.9184339	-66.09373697	-49.08616799	-32.71605425
263	58.27447213	15.95112153	-33.81066944	-84.71979041	-73.60195002	-63.7025031	-46.56553411	-30.07087037
264	59.0649971	16.66888286	-33.1758172	-84.1674109	-72.9656205	-62.99142358	-45.72505459	-29.10584086
265	59.0649971	16.66888286	-33.1758172	-84.1674109	-72.9656205	-62.99142358	-45.72505459	-29.10584086
266	59.0649971	16.66888286	-33.1758172	-84.1674109	-72.9656205	-62.99142358	-45.72505459	-29.10584086
267	59.0649971	16.66888286	-33.1758172	-84.1674109	-72.9656205	-62.99142358	-45.72505459	-29.10584086
268	59.0649971	16.66888286	-33.1758172	-84.1674109	-72.9656205	-62.99142358	-45.72505459	-29.10584086
269	59.0649971	16.66888286	-33.1758172	-84.1674109	-72.9656205	-62.99142358	-45.72505459	-29.10584086
270	59.0649971	16.66888286	-33.1758172	-84.1674109	-72.9656205	-62.99142358	-45.72505459	-29.10584086
271	59.0649971	16.66888286	-33.1758172	-84.1674109	-72.9656205	-62.99142358	-45.72505459	-29.10584086
272	59.0649971	16.66888286	-33.1758172	-84.1674109	-72.9656205	-62.99142358	-45.72505459	-29.10584086
273	59.0649971	16.66888286	-33.1758172	-84.1674109	-72.9656205	-62.99142358	-45.72505459	-29.10584086
274	59.0649971	16.66888286	-33.1758172	-84.1674109	-72.9656205	-62.99142358	-45.72505459	-29.10584086
275	59.0649971	16.66888286	-33.1758172	-84.1674109	-72.9656205	-62.99142358	-45.72505459	-29.10584086
276	59.0649971	16.66888286	-33.1758172	-84.1674109	-72.9656205	-62.99142358	-45.72505459	-29.10584086
277	59.0649971	16.66888286	-33.1758172	-84.1674109	-72.9656205	-62.99142358	-45.72505459	-29.10584086
278	59.39520581	16.92632793	-33.00128122	-84.07534764	-72.78960725	-62.74066033	-45.34489134	-28.60112761
279	60.50795216	17.96631065	-32.04420759	-83.20074674	-71.83105635	-61.70735943	-44.18219044	-27.31387671
280	63.94529565	21.3308905	-28.76253684	-80.00154871	-68.54790832	-58.3494614	-40.69489241	-23.70202868
281	64.41359923	21.72643045	-28.44990598	-79.77139058	-68.23380019	-57.96060327	-40.17663428	-23.05922054
282	66.14777254	23.38784012	-26.8714054	-78.27536273	-66.65382234	-56.30587541	-38.39250643	-21.15054269
283	67.07639239	24.24369633	-26.09845827	-77.58488833	-65.87939794	-55.45670102	-37.41393203	-20.04741829
284	67.07639239	24.24369633	-26.09845827	-77.58488833	-65.87939794	-55.45670102	-37.41393203	-20.04741829
285	67.07639239	24.24369633	-26.09845827	-77.58488833	-65.87939794	-55.45670102	-37.41393203	-20.04741829
286	71.11214702	28.20668732	-22.21837638	-73.78727916	-61.99783877	-51.50039185	-33.32822286	-15.83715912
287	71.67251386	28.69429053	-21.81368226	-73.46505778	-61.59166739	-51.01947046	-32.71790147	-15.10228774
288	74.87969921	31.82871224	-18.76216964	-70.49601788	-58.53867749	-47.89173057	-29.46076158	-11.72059784
289	76.08450882	32.96075821	-17.71303276	-69.52935373	-57.48806334	-46.76636641	-28.20599742	-10.34128369
290	79.77502624	36.578512	-14.17818806	-66.07698175	-53.95174136	-43.15529444	-24.46552545	-6.476261715
291	81.71634187	38.447064	-12.39254516	-64.37381158	-52.16462119	-41.29342427	-22.47425528	-4.360441541
292	82.00051895	38.65847744	-12.2640408	-64.32777995	-52.03463956	-41.08869264	-22.14012365	-3.901759915
293	82.83707555	39.4222704	-11.58315694	-63.72936881	-51.35227842	-40.3315815	-21.25361251	-2.890698773
294	83.58156889	40.09400011	-10.99433632	-63.22302092	-50.76198053	-39.66653361	-20.45916462	-1.971700883
295	86.76573843	43.20540601	-7.965839507	-60.27699684	-47.73200645	-36.56180952	-17.22504054	1.386973201
296	87.41816852	43.78507247	-7.469082143	-59.8627122	-47.23377181	-35.98882489	-16.5226559	2.213907838
297	92.48963474	48.78377505	-2.553288652	-55.02939144	-42.31650105	-30.99680412	-11.40123513	7.459878601
298	92.9119067	49.13328337	-2.286689419	-54.84526493	-42.04842454	-30.65397762	-10.92900863	8.056655106
299	95.79687067	51.9454837	0.442601821	-52.19844642	-39.31765603	-27.8484591	-7.994090116	11.11612362
300	96.95564865	53.03149805	1.445707075	-51.27781389	-38.3130735	-26.76912658	-6.78535759	12.44940615
301	96.95564865	53.03149805	1.445707075	-51.27781389	-38.3130735	-26.76912658	-6.78535759	12.44940615
302	96.95564865	53.03149805	1.445707075	-51.27781389	-38.3130735	-26.76912658	-6.78535759	12.44940615
303	96.13038865	52.15287805	0.506287075	-52.27771389	-39.4137135	-27.95946658	-8.13097759	10.95432615
304	95.25922865	51.22835805	-0.479032925	-53.32351389	-40.5602535	-29.19570658	-9.52249759	9.413346146
305	95.54340573	51.43977149	-0.350528572	-53.27748226	-40.43027187	-28.99097495	-9.188365964	9.872027772
306	99.48709711	55.31069923	3.437490074	-49.57193635	-36.64077596	-25.12672903	-5.194720045	13.99022369
307	102.1879346	57.93877306	5.982654809	-47.10924434	-34.09413395	-22.50533702	-2.443928037	16.8655657
308	102.6102065	58.28828138	6.249254042	-46.92511783	-33.82605744	-22.16251052	-1.971701532	17.4623422
309	102.6102065	58.28828138	6.249254042	-46.92511783	-33.82605744	-22.16251052	-1.971701532	17.4623422
310	105.7713603	61.37667147	9.25473504	-44.00210956	-30.81909917	-19.08080225	1.239406739	20.79800048
311	107.2523596	62.7849072	10.58006168	-42.75925565	-29.49229526	-17.67924834	2.77036065	22.45350439
312	107.6286	63.08838389	10.80062928	-42.62116077	-29.27025038	-17.38245346	3.196555529	23.00424926
313	107.6286	63.08838389	10.80062928	-42.62116077	-29.27025038	-17.38245346	3.196555529	23.00424926
314	109.4778523	64.86487263	12.49420893	-41.01005385	-27.57519346	-15.61264654	5.09576245	25.02800619
315	109.9001243	65.21438096	12.76080817	-40.82592735	-27.30711696	-15.26982003	5.567988955	25.62478269
316	108.4444143	63.70531096	11.19093817	-42.45627735	-29.03820696	-17.09061003	3.591918955	23.49925269
317	106.0882543	61.29579096	8.720618165	-44.98707735	-31.66974696	-19.81185003	0.715398955	20.47327269
318	107.9345266	63.01593966	10.29705778	-43.55359046	-30.25305007	-18.41010315	2.091265842	21.82422958
319	107.9345266	63.01593966	10.29705778	-43.55359046	-30.25305007	-18.41010315	2.091265842	21.82422958
320	107.9345266	63.01593966	10.29705778	-43.55359046	-30.25305007	-18.41010315	2.091265842	21.82422958
321	108.4948935	63.50354286	10.70175189	-43.23136907	-29.84687868	-17.92918176	2.701587226	22.55910096
322	108.4948935	63.50354286	10.70175189	-43.23136907	-29.84687868	-17.92918176	2.701587226	22.55910096
323	108.8711338	63.80701956	10.9223195	-43.0932742	-29.62483381	-17.63238688	3.127782105	23.10984584
324	110.2600699	65.12319204	12.15558288	-41.94248354	-28.39009315	-16.32289622	4.566672763	24.6732865
325	110.7121584	65.44915687	12.33783862	-41.90318053	-28.36758014	-16.31533321	4.548355774	24.63005951
326	110.7121584	65.44915687	12.33783862	-41.90318053	-28.36758014	-16.31533321	4.548355774	24.63005951
327	116.0137827	70.67801758	17.48379024	-36.83970163	-23.22015124	-11.09315432	9.899934669	30.1061884
328	117.8630351	72.45450632	19.17736989	-35.22859471	-21.52509432	-9.323347398	11.79914159	32.12994533
329	117.4508751	71.98898632	18.65104989	-35.81539471	-22.21263432	-10.1005874	10.86662159	31.04796533
330	116.2317738	70.64376139	17.16211587	-37.44728146	-23.86131107	-11.76421415	9.177114842	29.33354858
331	115.569399	69.85526297	16.22990836	-38.5224417	-24.95326131	-12.87111439	8.0443346	28.17585834
332	115.5485161	69.70825641	15.93919271	-38.95611007	-25.40371968	-13.33652276	7.553046227	27.65965996
333	116.6031208	70.6367375	16.72396471	-38.3142908	-24.77869041	-12.72644349	8.1372455	28.21894924
334	116.6031208	70.6367375	16.72396471	-38.3142908	-24.77869041	-12.72644349	8.1372455	28.21894924
335	116.6031208	70.6367375	16.71154471	-38.3871908	-24.95233041	-12.98978349	7.7186255	27.65086924
336	116.0235608	70.0038175	16.01782471	-39.1413908	-25.80727041	-13.93442349	6.6187055	26.40148924
337	115.6127898	69.46692282	15.33722094	-39.9649473	-26.64761691	-14.78971999	5.737529002	25.49540274
338	114.0419587	67.84273174	13.65222986	-41.71041838	-28.49382799	-16.72563107	3.64633792	23.25475166
339	113.0644689	66.81188193	12.56058005	-42.86254819	-29.7466978	-18.06820088	2.14848811	21.60744185
340	112.9812473	66.60253668	12.20752571	-43.35855526	-30.25949487	-18.59594794	1.594861044	21.02890478
341	112.4236471	65.91881287	11.38009281	-44.32894089	-31.2466705	-19.59807357	0.566855414	19.97598915
342	111.8137275	65.25553325	10.65601318	-45.11350051	-32.13197012	-20.5730732	-0.56342421	18.69624953
343	113.0218729	66.39091506	11.70848591	-44.14350051	-31.07802012	-19.4443732	0.69467579	20.07889953
344	113.0218729	66.39091506	11.70848591	-44.14350051	-31.07802012	-19.4443732	0.69467579	20.07889953
345	110.8405735	64.08349196	9.257353713	-46.73758543	-33.68889504	-22.07019812	-1.957029133	17.4022846
346	109.3802831	62.56984159	7.68290334	-48.37251581	-35.42456542	-23.89556849	-3.937679506	15.27217423
347	109.6984286	62.8152234	7.845376068	-48.29251581	-35.26061542	-23.65686849	-3.569579506	15.76482423
348	110.381574	63.42560522	8.372848795	-47.84751581	-34.73166542	-23.05316849	-2.836479506	16.62247423
349	111.0647195	64.03598704	8.900321522	-47.40251581	-34.20271542	-22.44946849	-2.103379506	17.48012423
350	112.0028649	64.90136886	9.682794249	-46.70251581	-33.41876542	-21.59076849	-1.115279506	18.59277423
351	112.0028649	64.90136886	9.682794249	-46.70251581	-33.41876542	-21.59076849	-1.115279506	18.59277423
352	112.0028649	64.90136886	9.682794249	-46.70251581	-33.41876542	-21.59076849	-1.115279506	18.59277423
353	111.9633925	64.80853648	9.529161876	-46.91662818	-33.73361779	-21.99532087	-1.67511188	17.88348186
354	111.0404042	63.83218814	8.492013532	-48.01425652	-34.93198613	-23.28338921	-3.118460224	16.29067351
355	108.5037055	61.24212948	5.841154872	-50.72559519	-37.74406479	-26.18516787	-6.175518884	13.08415485
356	105.6052253	58.29028921	2.828514604	-53.79871545	-40.91792506	-29.44872814	-9.594359152	9.515854584
357	102.1464755	54.7781794	-0.744395207	-57.43210526	-44.65205487	-33.27255795	-13.57346896	5.387284773
358	97.55585771	50.13420166	-5.449172953	-62.19736301	-49.51805262	-38.2282557	-18.68444671	0.126847027
359	94.46094183	46.91316214	-8.813921562	-65.70506435	-53.04254396	-41.76769703	-22.24976805	-3.463384309
360	94.04592349	46.4447838	-9.343099905	-66.29472269	-53.7329423	-42.54779538	-23.18514639	-4.548222652
361	93.31519407	45.66069438	-10.18798932	-67.20009211	-54.73905172	-43.64360479	-24.43623581	-5.948772069
362	92.2281266	44.5202669	-11.3892168	-68.46179958	-56.10149919	-45.09575227	-26.04366328	-7.705659545
363	89.01154776	41.25032806	-14.71995564	-71.85301842	-59.59345803	-48.67741111	-29.78060212	-11.59205839
364	86.50319625	38.68861656	-17.34246714	-74.53600993	-62.37718954	-51.55084261	-32.80931363	-14.77022989
365	84.12203191	36.25409221	-19.83779149	-77.09181427	-65.03373388	-54.29708696	-35.71083797	-17.82121423
366	81.47257201	33.55127231	-22.60141139	-79.91591417	-67.95857378	-57.31162686	-38.88065787	-21.14049413
367	76.96478889	28.9901292	-27.2233545	-84.59833729	-72.7417369	-62.18448997	-43.90880099	-26.31809725
368	72.05663327	24.02861357	-32.24567013	-89.68113291	-77.92527252	-67.4577256	-49.33731661	-31.89607287
369	68.30508434	20.22370464	-36.11137906	-93.60732184	-81.95220145	-71.57435453	-53.60922554	-36.3174418
370	66.25161789	18.11687819	-38.27900551	-95.83542829	-84.2810479	-73.99290098	-56.18305199	-39.04072825
371	62.59788035	14.40978065	-42.04690305	-99.66380583	-88.21016544	-78.01171852	-60.35714953	-43.3642858
372	60.06857351	11.82711382	-44.69036988	-102.3677527	-91.01485228	-80.90610535	-63.40681637	-46.56341263
373	58.0676923	9.700108973	-46.96108382	-104.7814193	-93.44530894	-83.35151202	-65.87810303	-49.05960929
374	55.9695159	7.548572572	-49.17342022	-107.0542357	-95.81886534	-85.81476842	-68.49663943	-51.82760569
375	54.58014177	6.105838439	-50.67695435	-108.6182499	-97.48361947	-87.56922255	-70.40637356	-53.88679983
376	51.17374168	2.646078352	-54.19751444	-112.19929	-101.1653996	-91.34070264	-74.33313365	-57.96301991
377	49.086278	0.505254671	-56.39913812	-114.4613936	-103.5282432	-93.79324632	-76.94095733	-60.72030359
378	46.9204219	-1.713961432	-58.67915422	-116.8018897	-105.9694793	-96.32418242	-79.62717343	-63.5559797
379	45.45350031	-3.234243023	-60.26023581	-118.4434513	-107.7117809	-98.15618401	-81.61445502	-65.69272129
380	44.96151321	-3.77959012	-60.86638291	-119.1100784	-108.479148	-99.01325111	-82.62680212	-66.85452839
381	44.6126399	-4.254587066	-61.48508895	-119.8717372	-109.2575968	-99.80664987	-83.44608089	-67.69871715
382	44.67782965	-4.315520955	-61.68973193	-120.2193329	-109.6219825	-100.1859856	-83.85129659	-68.12884286
383	44.23775449	-4.881719747	-62.39963981	-121.0721935	-110.4916331	-101.0705862	-84.7617772	-69.06423347
384	44.23775449	-4.881719747	-62.39963981	-121.0721935	-110.4916331	-101.0705862	-84.7617772	-69.06423347
385	43.36126586	-5.811568379	-63.39028844	-122.1233221	-111.6435017	-102.3121548	-86.15862584	-70.6105421
386	42.22636389	-6.999830352	-64.63935042	-123.4328641	-113.0537837	-103.8121368	-87.81388781	-72.41526407
387	39.55696697	-9.795350909	-67.57858006	-126.5150465	-116.1527561	-106.9260592	-90.95369018	-75.57997645
388	37.04554114	-12.43290037	-70.35983862	-129.4392578	-119.0937574	-109.8820105	-93.93552146	-78.58671773
389	35.7079772	-13.82382432	-71.81156256	-130.9514617	-120.7067013	-111.5846544	-95.79344541	-80.59410167
390	35.7079772	-13.82382432	-71.81156256	-130.9514617	-120.7067013	-111.5846544	-95.79344541	-80.59410167
391	34.41353809	-15.17162342	-73.22016166	-132.4205408	-122.2765204	-113.2441735	-97.60824451	-82.55836077
392	31.60329122	-18.03523029	-76.14456853	-135.4054277	-125.3621473	-116.4195004	-100.9388514	-86.03842765
393	27.09084767	-22.60103385	-80.77117209	-140.0925112	-130.1499708	-121.2970239	-105.9716549	-91.2206912
394	24.15290757	-25.59233394	-83.82327219	-143.2050913	-133.3632909	-124.600044	-109.429955	-94.8284513
395	19.56514887	-30.23345265	-88.52519089	-147.96749	-138.2264296	-129.5528827	-114.5380737	-100.08603
396	16.02979021	-33.89493494	-92.33038228	-151.9156342	-142.1913638	-133.5327668	-118.5438379	-104.1167041
397	13.71442487	-36.26366028	-94.75990762	-154.4056395	-144.7821091	-136.2132122	-121.3795632	-107.1018895
398	13.71442487	-36.26366028	-94.75990762	-154.4056395	-144.7821091	-136.2132122	-121.3795632	-107.1018895
399	11.45807192	-38.57337322	-97.13042056	-156.8366324	-147.313842	-138.8346451	-124.1562761	-110.0280624
400	8.862345588	-41.22245956	-99.8403069	-159.6069988	-150.1849484	-141.7954515	-127.2723625	-113.2936087
401	4.097180975	-46.04098417	-104.7196315	-164.5468034	-155.225493	-146.9256961	-132.5578871	-118.7285933
402	0.251404402	-49.94012075	-108.6795681	-168.56722	-159.3466496	-151.1365526	-136.9240237	-123.2441899
403	-3.26032834	-53.57797713	-112.4611336	-172.4917382	-163.2879578	-155.0928108	-140.9061619	-127.2512381
404	-7.412173314	-57.85594574	-116.8828113	-177.0563686	-167.8693782	-159.6891813	-145.5284123	-131.8983985
405	-8.213810722	-58.71094314	-117.7986087	-178.032646	-168.9463956	-160.8558987	-146.8504097	-133.369856
406	-8.213810722	-58.71094314	-117.7986087	-178.032646	-168.9463956	-160.8558987	-146.8504097	-133.369856
407	-9.969551506	-60.52004393	-119.6685094	-179.9630268	-170.9775164	-162.9767195	-149.1265105	-135.7954167
408	-13.26519632	-63.86904874	-123.0783143	-183.4333116	-174.5485412	-166.6374443	-152.9425153	-139.7608815
409	-16.94555615	-67.60276857	-126.8728341	-187.2883114	-178.504281	-170.6828841	-157.1432351	-144.1110614
410	-20.28994373	-71.00051615	-130.3313817	-190.807339	-182.1240486	-174.3923517	-161.0079827	-148.125269
411	-24.49068074	-75.25461316	-134.6462787	-195.182716	-186.6001656	-178.9581687	-165.7290797	-152.995826
412	-28.29124154	-79.10853396	-138.5609995	-199.1579168	-190.6761064	-183.1238095	-170.0500005	-157.4662068
413	-32.63163095	-83.50228337	-143.0155489	-203.6729462	-195.2918758	-187.8292789	-174.9107499	-162.4764162
414	-38.09918531	-89.02319773	-148.5972632	-209.3151406	-201.0348102	-193.6619133	-180.8986643	-168.6137905
415	-44.56899419	-95.54636661	-155.1812321	-215.9595895	-207.7799991	-200.4968021	-187.8888332	-175.7534194
416	-49.86739111	-100.8981235	-160.5937891	-221.4326264	-213.353776	-206.1602791	-193.7075901	-181.7216363
417	-55.45453367	-106.5386261	-166.2950916	-227.1944089	-219.2162985	-212.1125016	-199.8150926	-187.9785989
418	-62.15012486	-113.2875773	-173.1048428	-234.0646401	-226.1872697	-219.1731728	-207.0310438	-195.3440101
419	-67.80976701	-119.0005794	-178.878645	-239.8989223	-232.1222919	-225.197895	-213.211046	-201.6734722
420	-73.95966401	-125.2038364	-185.1427019	-246.2234593	-238.5475689	-231.712872	-219.881303	-208.4931892
421	-81.97929937	-133.2768318	-193.2764973	-254.4177346	-246.8425843	-240.0975873	-228.4212983	-217.1826446
422	-88.15845618	-139.5093486	-199.5698141	-260.7715315	-253.2971211	-246.6418241	-235.1208152	-224.0316214
423	-94.33966966	-145.8166857	-206.0208603	-267.3655304	-259.90791	-253.2675631	-241.7724341	-230.7081503
424	-99.17693212	-150.7073082	-210.9722828	-272.3774328	-265.0205525	-258.4699055	-247.1300565	-236.2152328
425	-101.0154878	-152.5992239	-212.9249985	-274.3906285	-267.1344881	-260.6735412	-249.4889722	-238.7236085
426	-103.3611687	-154.9982647	-215.3848393	-276.9109494	-269.755549	-263.3843021	-252.3550131	-241.7391094
427	-104.7209874	-156.4114435	-216.8588181	-278.4454082	-271.3907478	-265.1092008	-254.2351919	-243.7687481
428	-107.9856145	-159.8021942	-220.3932779	-282.1228207	-275.0849503	-268.8183534	-257.9702244	-247.5286907
429	-109.1526793	-161.0953826	-221.8301754	-283.7026709	-276.6815905	-270.4299436	-259.6076946	-249.1910709
430	-107.5645338	-159.5800008	-220.3977027	-282.3526709	-275.2476405	-268.9212436	-257.9695946	-247.4284209
431	-107.5645338	-159.5800008	-220.3977027	-282.3526709	-275.2476405	-268.9212436	-257.9695946	-247.4284209
432	-107.5645338	-159.5800008	-220.3977027	-282.3526709	-275.2476405	-268.9212436	-257.9695946	-247.4284209
433	-107.8241758	-159.8930028	-220.7715047	-282.7869529	-275.7826625	-269.5459656	-258.7495966	-248.3578829
434	-109.3313045	-161.4534914	-222.3927933	-284.4687215	-277.5651712	-271.4181742	-260.7770852	-250.5348315
435	-110.0690973	-162.2446442	-223.2447461	-285.3811543	-278.578344	-272.521047	-262.035238	-251.9424443
436	-110.1134865	-162.3423934	-223.4032953	-285.6001836	-278.8981132	-272.9305162	-262.5999873	-252.6566535
437	-110.1134865	-162.3423934	-223.4032953	-285.6001836	-278.8981132	-272.9305162	-262.5999873	-252.6566535
438	-110.8853056	-163.1675726	-224.2892745	-286.5466427	-279.9453123	-274.0674154	-263.8921664	-254.0982927
439	-112.4026565	-164.7382835	-225.9207853	-288.2386336	-281.7380432	-275.9498463	-265.9298773	-256.2854635
440	-113.2986604	-165.6876474	-226.9309493	-289.3092775	-282.9094271	-277.2109302	-267.3462412	-257.8512875
441	-113.4098115	-165.9249221	-227.3119331	-289.8332141	-283.4501537	-277.7666068	-267.9277978	-258.457754
442	-113.4098115	-165.9249221	-227.3119331	-289.8332141	-283.4501537	-277.7666068	-267.9277978	-258.457754
443	-113.4098115	-165.9249221	-227.3119331	-289.8332141	-283.4501537	-277.7666068	-267.9277978	-258.457754
444	-113.4098115	-165.9249221	-227.3119331	-289.8332141	-283.4501537	-277.7666068	-267.9277978	-258.457754
445	-113.4098115	-165.9249221	-227.3119331	-289.8332141	-283.4501537	-277.7666068	-267.9277978	-258.457754
446	-113.4098115	-165.9249221	-227.3119331	-289.8332141	-283.4501537	-277.7666068	-267.9277978	-258.457754
447	-112.9716661	-165.5595403	-227.0294604	-289.6332141	-283.1662037	-277.4079068	-267.4396978	-257.845104
448	-112.1235206	-164.7841585	-226.3369876	-289.0232141	-282.4722537	-276.6392068	-266.5415978	-256.822454
449	-112.1235206	-164.7841585	-226.3369876	-289.0232141	-282.4722537	-276.6392068	-266.5415978	-256.822454
450	-112.1235206	-164.7841585	-226.3369876	-289.0232141	-282.4722537	-276.6392068	-266.5415978	-256.822454
451	-112.1235206	-164.7841585	-226.3369876	-289.0232141	-282.4722537	-276.6392068	-266.5415978	-256.822454
452	-112.9932856	-165.7072834	-227.3209126	-290.067619	-283.6173986	-277.8740517	-267.9317227	-258.362039
453	-112.4951401	-165.2819016	-226.9784399	-289.807619	-283.2734486	-277.4553517	-267.3836227	-257.689389
454	-112.4951401	-165.2819016	-226.9784399	-289.807619	-283.2734486	-277.4553517	-267.3836227	-257.689389
455	-112.4951401	-165.2819016	-226.9784399	-289.807619	-283.2734486	-277.4553517	-267.3836227	-257.689389
456	-112.4951401	-165.2819016	-226.9784399	-289.807619	-283.2734486	-277.4553517	-267.3836227	-257.689389
457	-112.4951401	-165.2819016	-226.9784399	-289.807619	-283.2734486	-277.4553517	-267.3836227	-257.689389
458	-112.4951401	-165.2819016	-226.9784399	-289.807619	-283.2734486	-277.4553517	-267.3836227	-257.689389
459	-113.1400228	-166.0529079	-227.8931553	-290.8652872	-284.3479068	-278.5447598	-268.4989109	-258.8295871
460	-113.2741651	-166.2404103	-228.1414576	-291.1740695	-284.7574291	-279.0439822	-269.1534132	-259.6335494
461	-113.7140871	-166.7336922	-228.6955396	-291.7886314	-285.472731	-279.8489841	-270.1136951	-260.7432914
462	-113.7140871	-166.7336922	-228.6955396	-291.7886314	-285.472731	-279.8489841	-270.1136951	-260.7432914
463	-113.4659416	-166.5583104	-228.6030668	-291.7786314	-285.378781	-279.6802841	-269.8155951	-260.3206414
464	-113.4659416	-166.5583104	-228.6030668	-291.7786314	-285.378781	-279.6802841	-269.8155951	-260.3206414
465	-113.4659416	-166.5583104	-228.6030668	-291.7786314	-285.378781	-279.6802841	-269.8155951	-260.3206414
466	-112.6977962	-165.8629286	-227.9905941	-291.2486314	-284.764831	-278.9915841	-268.9974951	-259.3779914
467	-112.1696507	-165.4075468	-227.6181214	-290.9586314	-284.390881	-278.5428841	-268.4193951	-258.6753414
468	-110.9215053	-164.232165	-226.5256487	-289.9486314	-283.296931	-277.3741841	-267.1212951	-257.2526914
469	-110.9215053	-164.232165	-226.5256487	-289.9486314	-283.296931	-277.3741841	-267.1212951	-257.2526914
470	-110.4933598	-163.8767831	-226.2531759	-289.7586314	-283.022981	-277.0254841	-266.6431951	-256.6500414
471	-110.1652143	-163.6214013	-226.0807032	-289.6686314	-282.849031	-276.7767841	-266.2650951	-256.1473914
472	-110.1652143	-163.6214013	-226.0807032	-289.6686314	-282.849031	-276.7767841	-266.2650951	-256.1473914
473	-110.1652143	-163.6214013	-226.0807032	-289.6686314	-282.849031	-276.7767841	-266.2650951	-256.1473914
474	-110.1652143	-163.6214013	-226.0807032	-289.6686314	-282.849031	-276.7767841	-266.2650951	-256.1473914
475	-110.1652143	-163.6214013	-226.0807032	-289.6686314	-282.849031	-276.7767841	-266.2650951	-256.1473914
476	-110.1652143	-163.6214013	-226.0807032	-289.6686314	-282.849031	-276.7767841	-266.2650951	-256.1473914
477	-110.1652143	-163.6214013	-226.0807032	-289.6686314	-282.849031	-276.7767841	-266.2650951	-256.1473914
478	-110.1652143	-163.6214013	-226.0807032	-289.6686314	-282.849031	-276.7767841	-266.2650951	-256.1473914
479	-110.1652143	-163.6214013	-226.0807032	-289.6686314	-282.849031	-276.7767841	-266.2650951	-256.1473914
480	-110.1652143	-163.6214013	-226.0807032	-289.6686314	-282.849031	-276.7767841	-266.2650951	-256.1473914
481	-110.5188348	-164.0283818	-226.5484837	-290.1968919	-283.4780315	-277.4954846	-267.1390756	-257.1708319
482	-110.5188348	-164.0283818	-226.5484837	-290.1968919	-283.4780315	-277.4954846	-267.1390756	-257.1708319
847	-151.5659233	-221.8067314	-304.0828904	-388.0395332	-382.2441578	-377.0838920	-368.1509369	-359.5527950
1212	-192.6130118	-279.5850809	-381.6172972	-485.8821746	-481.0102840	-476.6722994	-469.1627981	-461.9347581
